0.0	0.0
0.0	0.0
0.0	0.0
0.0	0.0
0.0	0.0
0.18	0.16
0.52	0.3
1.25	1.1
1.64	1.05
3.03	3.14
3.38	3.12
3.5	2.98
3.65	3.3
3.7	3.58
3.25	3.53
2.6	3.41
1.87	3.19
1.04	2.45
0.33	0.98
0.0	0.0
0.0	0.0
0.0	0.0
0.0	0.0
0.0	0.0
0.0	0.0
0.0	0.0
0.0	0.0
0.0	0.0
0.0	0.0
0.28	0.68
0.88	1.54
1.89	3.19
2.35	2.68
3.2	3.46
3.68	3.55
3.92	3.58
3.94	3.61
3.71	3.59
3.27	3.55
2.62	3.43
1.89	3.26
1.1	2.79
0.31	0.96
0.0	0.0
0.0	0.0
0.0	0.0
0.0	0.0
0.0	0.0
0.0	0.0
0.0	0.0
0.0	0.0
0.0	0.0
0.0	0.0
0.22	0.34
0.68	0.77
0.64	0.19
1.57	0.94
3.12	3.38
3.26	2.87
3.68	3.37
3.86	3.53
3.63	3.51
3.19	3.46
2.57	3.36
1.8	2.89
1.03	2.37
0.32	0.99
0.0	0.0
0.0	0.0
0.0	0.0
0.0	0.0
0.0	0.0
0.0	0.0
0.0	0.0
0.0	0.0
0.0	0.0
0.0	0.0
0.28	0.73
0.92	1.79
1.49	1.81
2.38	2.8
3.06	3.26
3.5	3.38
3.74	3.42
3.75	3.43
3.49	3.37
3.02	3.15
2.38	2.79
1.66	2.36
0.88	1.58
0.24	0.46
0.0	0.0
0.0	0.0
0.0	0.0
0.0	0.0
0.0	0.0
0.0	0.0
0.0	0.0
0.0	0.0
0.0	0.0
0.0	0.0
0.07	0.06
0.22	0.11
0.37	0.11
0.8	0.18
1.18	0.22
1.3	0.22
0.88	0.14
1.06	0.17
1.04	0.17
1.04	0.19
1.15	0.35
0.6	0.18
0.26	0.13
0.06	0.05
0.0	0.0
0.0	0.0
0.0	0.0
0.0	0.0
0.0	0.0
0.0	0.0
0.0	0.0
0.0	0.0
0.0	0.0
0.0	0.0
0.08	0.07
0.28	0.14
0.73	0.22
1.41	0.71
1.85	0.9
2.28	1.16
2.94	1.95
2.78	1.69
1.79	0.57
0.71	0.13
0.27	0.06
0.23	0.07
0.15	0.07
0.08	0.07
0.0	0.0
0.0	0.0
0.0	0.0
0.0	0.0
0.0	0.0
0.0	0.0
0.0	0.0
0.0	0.0
0.0	0.0
0.0	0.0
0.08	0.07
0.29	0.14
0.61	0.19
1.0	0.23
1.01	0.19
2.98	2.33
2.96	1.99
2.02	0.7
1.48	0.29
1.2	0.22
0.87	0.19
0.18	0.05
0.18	0.09
0.06	0.05
0.0	0.0
0.0	0.0
0.0	0.0
0.0	0.0
0.0	0.0
0.0	0.0
0.0	0.0
0.0	0.0
0.0	0.0
0.0	0.0
0.16	0.14
0.58	0.53
1.25	1.19
1.43	0.75
1.6	0.59
2.19	1.05
2.57	1.38
2.28	0.99
2.15	0.98
2.57	2.11
2.01	1.82
1.98	3.45
0.83	1.34
0.21	0.3
0.0	0.0
0.0	0.0
0.0	0.0
0.0	0.0
0.0	0.0
0.0	0.0
0.0	0.0
0.0	0.0
0.0	0.0
0.0	0.0
0.15	0.13
0.52	0.38
1.04	0.72
2.12	2.18
2.78	2.64
3.59	3.49
3.84	3.53
3.86	3.54
3.62	3.5
3.18	3.44
2.55	3.27
1.78	2.77
1.01	2.21
0.3	0.86
0.0	0.0
0.0	0.0
0.0	0.0
0.0	0.0
0.0	0.0
0.0	0.0
0.0	0.0
0.0	0.0
0.0	0.0
0.0	0.0
0.21	0.42
0.84	1.6
1.65	2.5
2.4	2.97
3.04	3.29
3.52	3.43
3.8	3.49
3.82	3.5
3.62	3.5
3.19	3.45
2.6	3.39
1.85	3.04
1.01	2.21
0.29	0.78
0.0	0.0
0.0	0.0
0.0	0.0
0.0	0.0
0.0	0.0
0.0	0.0
0.0	0.0
0.0	0.0
0.0	0.0
0.0	0.0
0.23	0.58
0.58	0.58
1.5	1.99
2.16	2.32
2.99	3.18
3.2	2.81
3.78	3.48
2.75	1.65
1.85	0.63
1.56	0.52
1.37	0.63
0.7	0.21
0.34	0.16
0.09	0.08
0.0	0.0
0.0	0.0
0.0	0.0
0.0	0.0
0.0	0.0
0.0	0.0
0.0	0.0
0.0	0.0
0.0	0.0
0.0	0.0
0.08	0.07
0.33	0.17
0.46	0.14
0.85	0.19
1.22	0.23
2.11	0.96
2.49	1.28
1.12	0.18
0.62	0.1
0.77	0.14
0.72	0.16
0.63	0.19
0.23	0.11
0.09	0.08
0.0	0.0
0.0	0.0
0.0	0.0
0.0	0.0
0.0	0.0
0.0	0.0
0.0	0.0
0.0	0.0
0.0	0.0
0.0	0.0
0.08	0.07
0.35	0.18
0.59	0.18
1.08	0.31
1.71	0.74
2.86	2.14
3.73	3.44
3.95	3.63
3.69	3.57
3.24	3.5
2.6	3.38
1.87	3.12
1.04	2.38
0.33	1.0
0.0	0.0
0.0	0.0
0.0	0.0
0.0	0.0
0.0	0.0
0.0	0.0
0.0	0.0
0.0	0.0
0.0	0.0
0.0	0.0
0.18	0.34
0.79	1.5
1.6	2.43
2.31	2.79
2.98	3.2
3.59	3.51
3.87	3.57
3.91	3.59
3.7	3.58
3.28	3.55
2.65	3.45
1.89	3.2
1.06	2.5
0.33	0.99
0.0	0.0
0.0	0.0
0.0	0.0
0.0	0.0
0.0	0.0
0.0	0.0
0.0	0.0
0.0	0.0
0.0	0.0
0.0	0.0
0.19	0.42
0.52	0.46
1.1	0.92
2.31	2.81
2.87	2.94
3.6	3.53
3.88	3.58
3.92	3.6
3.73	3.61
3.29	3.56
2.66	3.46
1.89	3.2
1.08	2.62
0.3	0.88
0.0	0.0
0.0	0.0
0.0	0.0
0.0	0.0
0.0	0.0
0.0	0.0
0.0	0.0
0.0	0.0
0.0	0.0
0.0	0.0
0.21	0.6
0.63	0.85
1.66	2.72
1.93	1.82
3.0	3.28
3.33	3.14
3.84	3.55
3.88	3.57
3.3	2.97
3.19	3.45
2.58	3.36
1.84	3.01
0.75	1.02
0.31	0.97
0.0	0.0
0.0	0.0
0.0	0.0
0.0	0.0
0.0	0.0
0.0	0.0
0.0	0.0
0.0	0.0
0.0	0.0
0.0	0.0
0.16	0.29
0.58	0.69
1.25	1.34
1.43	0.81
1.6	0.62
2.19	1.08
2.57	1.41
2.28	1.01
2.15	0.99
2.57	2.12
2.01	1.82
1.98	3.45
0.83	1.35
0.21	0.32
0.0	0.0
0.0	0.0
0.0	0.0
0.0	0.0
0.0	0.0
0.0	0.0
0.0	0.0
0.0	0.0
0.0	0.0
0.0	0.0
0.15	0.26
0.79	1.66
1.11	0.99
1.64	1.2
3.03	3.38
3.28	3.05
3.78	3.5
3.82	3.52
3.63	3.52
3.21	3.47
2.58	3.36
1.83	2.98
1.04	2.42
0.31	0.97
0.0	0.0
0.0	0.0
0.0	0.0
0.0	0.0
0.0	0.0
0.0	0.0
0.0	0.0
0.0	0.0
0.0	0.0
0.0	0.0
0.13	0.18
0.71	1.29
1.47	2.1
1.87	1.72
1.94	1.1
1.73	0.54
2.61	1.48
3.27	2.58
2.89	2.16
2.31	1.62
1.45	0.75
1.62	2.22
0.9	1.69
0.26	0.63
0.0	0.0
0.0	0.0
0.0	0.0
0.0	0.0
0.0	0.0
0.0	0.0
0.0	0.0
0.0	0.0
0.0	0.0
0.0	0.0
0.03	0.03
0.08	0.04
0.17	0.06
0.29	0.07
0.31	0.06
0.42	0.07
0.47	0.07
0.61	0.1
0.69	0.11
0.75	0.14
0.65	0.15
0.78	0.25
0.8	1.25
0.18	0.2
0.0	0.0
0.0	0.0
0.0	0.0
0.0	0.0
0.0	0.0
0.0	0.0
0.0	0.0
0.0	0.0
0.0	0.0
0.0	0.0
0.12	0.17
0.56	0.7
1.21	1.31
2.19	2.59
2.83	2.93
3.31	3.16
3.59	3.3
3.65	3.37
3.47	3.37
1.2	0.22
0.23	0.05
0.34	0.1
0.05	0.02
0.02	0.02
0.0	0.0
0.0	0.0
0.0	0.0
0.0	0.0
0.0	0.0
0.0	0.0
0.0	0.0
0.0	0.0
0.0	0.0
0.0	0.0
0.05	0.04
0.23	0.13
0.47	0.15
0.7	0.17
1.03	0.2
2.08	0.96
2.54	1.39
3.53	3.13
2.84	2.08
2.32	1.65
2.01	1.84
1.61	2.21
0.75	1.07
0.12	0.11
0.0	0.0
0.0	0.0
0.0	0.0
0.0	0.0
0.0	0.0
0.0	0.0
0.0	0.0
0.0	0.0
0.0	0.0
0.0	0.0
0.02	0.02
0.07	0.04
0.13	0.04
0.25	0.06
0.28	0.05
0.35	0.06
0.41	0.07
0.53	0.08
1.02	0.17
1.32	0.3
1.09	0.29
0.68	0.2
0.28	0.14
0.07	0.06
0.0	0.0
0.0	0.0
0.0	0.0
0.0	0.0
0.0	0.0
0.0	0.0
0.0	0.0
0.0	0.0
0.0	0.0
0.0	0.0
0.05	0.04
0.13	0.08
0.3	0.1
0.58	0.14
1.19	0.23
1.33	0.23
2.1	0.83
0.63	0.1
1.2	0.2
2.38	1.77
2.43	2.96
1.67	2.44
0.69	0.86
0.18	0.22
0.0	0.0
0.0	0.0
0.0	0.0
0.0	0.0
0.0	0.0
0.0	0.0
0.0	0.0
0.0	0.0
0.0	0.0
0.0	0.0
0.07	0.06
0.63	1.12
1.4	2.02
2.23	2.81
2.53	2.28
3.4	3.38
3.3	2.73
2.95	2.03
3.27	2.96
2.22	1.48
0.6	0.13
0.26	0.08
0.07	0.03
0.04	0.04
0.0	0.0
0.0	0.0
0.0	0.0
0.0	0.0
0.0	0.0
0.0	0.0
0.0	0.0
0.0	0.0
0.0	0.0
0.0	0.0
0.11	0.23
0.63	1.15
1.42	2.13
2.2	2.74
2.08	1.39
3.35	3.32
3.64	3.4
3.7	3.43
3.53	3.44
3.11	3.39
2.54	3.32
1.79	2.92
0.99	2.29
0.26	0.73
0.0	0.0
0.0	0.0
0.0	0.0
0.0	0.0
0.0	0.0
0.0	0.0
0.0	0.0
0.0	0.0
0.0	0.0
0.0	0.0
0.1	0.2
0.6	1.04
1.35	1.9
2.05	2.33
2.73	2.79
3.27	3.15
3.59	3.36
3.64	3.38
3.44	3.36
2.6	2.23
2.55	3.36
1.45	1.74
0.87	1.67
0.2	0.36
0.0	0.0
0.0	0.0
0.0	0.0
0.0	0.0
0.0	0.0
0.0	0.0
0.0	0.0
0.0	0.0
0.0	0.0
0.0	0.0
0.11	0.3
0.68	1.51
0.92	0.67
2.18	2.73
2.42	2.08
2.94	2.44
3.55	3.29
3.38	2.87
3.15	2.73
2.54	2.11
1.14	0.36
0.42	0.13
0.08	0.04
0.1	0.09
0.0	0.0
0.0	0.0
0.0	0.0
0.0	0.0
0.0	0.0
0.0	0.0
0.0	0.0
0.0	0.0
0.0	0.0
0.0	0.0
0.04	0.04
0.16	0.1
0.22	0.08
0.23	0.06
0.34	0.07
0.83	0.14
0.82	0.13
1.36	0.22
1.16	0.19
0.72	0.13
0.74	0.17
0.32	0.1
0.15	0.08
0.05	0.04
0.0	0.0
0.0	0.0
0.0	0.0
0.0	0.0
0.0	0.0
0.0	0.0
0.0	0.0
0.0	0.0
0.0	0.0
0.0	0.0
0.04	0.04
0.17	0.11
0.44	0.15
0.93	0.23
1.54	0.61
1.44	0.31
1.99	0.73
1.79	0.51
1.37	0.23
0.92	0.17
0.63	0.14
0.33	0.1
0.22	0.11
0.12	0.11
0.0	0.0
0.0	0.0
0.0	0.0
0.0	0.0
0.0	0.0
0.0	0.0
0.0	0.0
0.0	0.0
0.0	0.0
0.0	0.0
0.09	0.27
0.62	1.3
1.3	1.84
2.33	3.3
2.06	1.41
2.68	1.97
3.71	3.49
3.29	2.72
2.59	1.69
1.6	0.6
1.71	1.26
0.94	0.53
0.33	0.17
0.15	0.16
0.0	0.0
0.0	0.0
0.0	0.0
0.0	0.0
0.0	0.0
0.0	0.0
0.0	0.0
0.0	0.0
0.0	0.0
0.0	0.0
0.12	0.62
0.64	1.47
1.41	2.29
2.12	2.65
2.74	2.91
3.3	3.3
3.38	2.97
2.28	1.06
0.71	0.12
0.14	0.03
0.12	0.03
0.1	0.03
0.09	0.05
0.06	0.05
0.0	0.0
0.0	0.0
0.0	0.0
0.0	0.0
0.0	0.0
0.0	0.0
0.0	0.0
0.0	0.0
0.0	0.0
0.0	0.0
0.07	0.2
0.27	0.18
0.82	0.52
1.87	1.96
2.21	1.71
3.36	3.39
2.31	1.13
1.84	0.57
1.61	0.43
1.03	0.19
1.1	0.33
0.26	0.08
0.14	0.07
0.07	0.06
0.0	0.0
0.0	0.0
0.0	0.0
0.0	0.0
0.0	0.0
0.0	0.0
0.0	0.0
0.0	0.0
0.0	0.0
0.0	0.0
0.02	0.02
0.09	0.06
0.25	0.09
0.32	0.08
0.38	0.08
0.89	0.15
1.0	0.16
0.69	0.11
0.72	0.12
0.74	0.14
0.64	0.15
0.25	0.08
0.13	0.07
0.05	0.04
0.0	0.0
0.0	0.0
0.0	0.0
0.0	0.0
0.0	0.0
0.0	0.0
0.0	0.0
0.0	0.0
0.0	0.0
0.0	0.0
0.07	0.31
0.38	0.34
0.74	0.38
1.32	0.78
1.6	0.72
1.47	0.35
2.62	1.6
3.32	2.83
2.67	1.86
2.21	1.53
1.75	1.37
0.89	0.46
0.51	0.41
0.12	0.11
0.0	0.0
0.0	0.0
0.0	0.0
0.0	0.0
0.0	0.0
0.0	0.0
0.0	0.0
0.0	0.0
0.0	0.0
0.0	0.0
0.04	0.1
0.18	0.12
0.27	0.1
0.58	0.14
0.69	0.14
0.56	0.1
0.41	0.07
0.49	0.08
0.91	0.15
1.47	0.47
0.87	0.2
0.48	0.15
0.25	0.13
0.05	0.04
0.0	0.0
0.0	0.0
0.0	0.0
0.0	0.0
0.0	0.0
0.0	0.0
0.0	0.0
0.0	0.0
0.0	0.0
0.0	0.0
0.07	0.36
0.55	1.17
1.51	2.93
2.07	2.63
2.35	2.06
3.41	3.47
2.97	2.22
1.53	0.31
2.64	1.83
2.02	1.22
1.11	0.35
0.27	0.08
0.15	0.08
0.03	0.03
0.0	0.0
0.0	0.0
0.0	0.0
0.0	0.0
0.0	0.0
0.0	0.0
0.0	0.0
0.0	0.0
0.0	0.0
0.0	0.0
0.06	0.31
0.15	0.1
0.18	0.06
0.89	0.22
1.89	1.18
1.08	0.19
1.35	0.22
1.6	0.37
1.54	0.38
1.26	0.28
0.96	0.22
0.75	0.26
0.27	0.14
0.07	0.06
0.0	0.0
0.0	0.0
0.0	0.0
0.0	0.0
0.0	0.0
0.0	0.0
0.0	0.0
0.0	0.0
0.0	0.0
0.0	0.0
0.04	0.21
0.57	1.39
1.37	2.39
2.14	2.91
2.84	3.33
3.35	3.43
3.63	3.47
2.66	1.66
2.92	2.38
2.2	1.55
1.34	0.67
1.11	0.96
0.8	1.68
0.19	0.56
0.0	0.0
0.0	0.0
0.0	0.0
0.0	0.0
0.0	0.0
0.0	0.0
0.0	0.0
0.0	0.0
0.0	0.0
0.0	0.0
0.03	0.15
0.24	0.17
0.85	0.67
1.0	0.34
3.35	3.94
1.98	0.93
2.94	2.2
3.05	2.35
2.47	1.57
1.29	0.31
0.89	0.21
0.41	0.13
0.1	0.05
0.03	0.03
0.0	0.0
0.0	0.0
0.0	0.0
0.0	0.0
0.0	0.0
0.0	0.0
0.0	0.0
0.0	0.0
0.0	0.0
0.0	0.0
0.01	0.05
0.1	0.07
0.76	0.48
1.05	0.41
1.64	0.81
1.96	0.91
1.17	0.19
1.69	0.45
1.61	0.46
1.03	0.2
0.69	0.16
0.42	0.13
0.21	0.12
0.06	0.05
0.0	0.0
0.0	0.0
0.0	0.0
0.0	0.0
0.0	0.0
0.0	0.0
0.0	0.0
0.0	0.0
0.0	0.0
0.0	0.0
0.0	0.0
0.48	0.98
1.29	2.16
2.09	2.83
1.95	1.33
1.89	0.83
1.96	0.75
3.57	3.4
3.46	3.46
3.0	3.37
2.3	2.9
1.57	2.48
0.83	2.0
0.16	0.45
0.0	0.0
0.0	0.0
0.0	0.0
0.0	0.0
0.0	0.0
0.0	0.0
0.0	0.0
0.0	0.0
0.0	0.0
0.0	0.0
0.0	0.0
0.38	0.51
0.97	1.04
1.66	1.61
2.73	3.12
3.37	3.48
3.65	3.51
3.66	3.49
3.17	2.97
2.73	2.74
2.26	2.8
1.3	1.56
0.53	0.6
0.13	0.27
0.0	0.0
0.0	0.0
0.0	0.0
0.0	0.0
0.0	0.0
0.0	0.0
0.0	0.0
0.0	0.0
0.0	0.0
0.0	0.0
0.0	0.0
0.41	0.68
1.24	2.03
1.66	1.63
1.88	1.23
2.71	2.19
2.91	2.19
3.49	3.34
3.38	3.4
2.99	3.38
2.29	2.92
1.58	2.59
0.77	1.75
0.14	0.37
0.0	0.0
0.0	0.0
0.0	0.0
0.0	0.0
0.0	0.0
0.0	0.0
0.0	0.0
0.0	0.0
0.0	0.0
0.0	0.0
0.0	0.0
0.53	1.46
1.32	2.41
2.16	3.16
2.82	3.37
3.14	3.16
3.59	3.47
3.65	3.5
3.43	3.46
2.9	3.22
2.44	3.38
1.64	2.88
0.72	1.51
0.1	0.15
0.0	0.0
0.0	0.0
0.0	0.0
0.0	0.0
0.0	0.0
0.0	0.0
0.0	0.0
0.0	0.0
0.0	0.0
0.0	0.0
0.0	0.0
0.5	1.3
1.28	2.28
1.49	1.26
2.63	2.92
3.33	3.47
3.62	3.51
3.67	3.52
3.46	3.5
3.02	3.43
2.36	3.21
1.57	2.63
0.76	1.8
0.13	0.38
0.0	0.0
0.0	0.0
0.0	0.0
0.0	0.0
0.0	0.0
0.0	0.0
0.0	0.0
0.0	0.0
0.0	0.0
0.0	0.0
0.0	0.0
0.41	0.78
1.2	1.97
1.96	2.56
2.92	3.51
3.49	3.64
3.73	3.62
3.66	3.52
3.43	3.48
2.97	3.39
2.34	3.18
1.6	2.8
0.79	2.05
0.13	0.42
0.0	0.0
0.0	0.0
0.0	0.0
0.0	0.0
0.0	0.0
0.0	0.0
0.0	0.0
0.0	0.0
0.0	0.0
0.0	0.0
0.0	0.0
0.15	0.12
0.28	0.11
0.89	0.25
1.5	0.67
2.4	1.66
2.53	1.58
2.64	1.72
3.38	3.43
3.03	3.47
2.02	2.24
1.29	1.67
0.37	0.22
0.08	0.12
0.0	0.0
0.0	0.0
0.0	0.0
0.0	0.0
0.0	0.0
0.0	0.0
0.0	0.0
0.0	0.0
0.0	0.0
0.0	0.0
0.0	0.0
0.28	0.24
0.67	0.38
0.87	0.23
1.23	0.35
1.34	0.28
1.68	0.49
2.56	1.6
2.77	2.23
2.76	2.95
2.0	2.22
0.87	0.56
0.51	0.67
0.16	0.68
0.0	0.0
0.0	0.0
0.0	0.0
0.0	0.0
0.0	0.0
0.0	0.0
0.0	0.0
0.0	0.0
0.0	0.0
0.0	0.0
0.0	0.0
0.31	0.38
1.13	1.79
1.78	2.09
1.89	1.31
2.15	1.26
3.06	2.58
3.0	2.4
3.3	3.37
2.85	3.22
2.21	2.86
1.46	2.36
0.67	1.49
0.1	0.33
0.0	0.0
0.0	0.0
0.0	0.0
0.0	0.0
0.0	0.0
0.0	0.0
0.0	0.0
0.0	0.0
0.0	0.0
0.0	0.0
0.0	0.0
0.41	0.95
1.24	2.3
2.02	2.88
2.7	3.24
3.12	3.25
3.1	2.69
2.62	1.72
3.01	2.77
2.48	2.32
1.91	2.03
1.32	1.87
0.6	1.15
0.13	0.65
0.0	0.0
0.0	0.0
0.0	0.0
0.0	0.0
0.0	0.0
0.0	0.0
0.0	0.0
0.0	0.0
0.0	0.0
0.0	0.0
0.0	0.0
0.44	1.21
1.2	2.16
1.98	2.78
2.65	3.13
3.13	3.29
3.4	3.35
3.43	3.35
3.19	3.21
2.73	2.96
2.26	3.1
1.3	1.83
0.26	0.17
0.08	0.27
0.0	0.0
0.0	0.0
0.0	0.0
0.0	0.0
0.0	0.0
0.0	0.0
0.0	0.0
0.0	0.0
0.0	0.0
0.0	0.0
0.0	0.0
0.08	0.07
0.18	0.07
0.37	0.1
1.23	0.37
1.19	0.22
1.43	0.29
1.31	0.22
1.1	0.19
0.83	0.17
0.26	0.06
0.32	0.11
0.1	0.06
0.02	0.02
0.0	0.0
0.0	0.0
0.0	0.0
0.0	0.0
0.0	0.0
0.0	0.0
0.0	0.0
0.0	0.0
0.0	0.0
0.0	0.0
0.0	0.0
0.22	0.19
0.51	0.2
0.87	0.26
2.05	1.69
2.99	3.0
2.51	1.62
1.56	0.39
1.72	0.64
1.07	0.21
0.81	0.2
0.77	0.43
0.37	0.29
0.06	0.22
0.0	0.0
0.0	0.0
0.0	0.0
0.0	0.0
0.0	0.0
0.0	0.0
0.0	0.0
0.0	0.0
0.0	0.0
0.0	0.0
0.0	0.0
0.13	0.11
0.47	0.19
1.8	2.28
2.6	3.07
3.08	3.24
3.37	3.34
3.39	3.33
3.08	3.03
2.7	2.97
2.18	2.96
1.45	2.56
0.62	1.5
0.08	0.41
0.0	0.0
0.0	0.0
0.0	0.0
0.0	0.0
0.0	0.0
0.0	0.0
0.0	0.0
0.0	0.0
0.0	0.0
0.0	0.0
0.0	0.0
0.2	0.18
0.66	0.44
1.82	2.37
1.34	0.52
2.2	1.41
2.34	1.37
1.67	0.5
1.86	0.82
2.38	2.21
2.07	2.65
1.37	2.28
0.6	1.44
0.06	0.31
0.0	0.0
0.0	0.0
0.0	0.0
0.0	0.0
0.0	0.0
0.0	0.0
0.0	0.0
0.0	0.0
0.0	0.0
0.0	0.0
0.0	0.0
0.36	0.83
0.9	1.13
2.04	3.16
2.31	2.35
3.0	3.1
2.37	1.43
3.37	3.34
3.22	3.37
2.57	2.69
2.06	2.65
1.33	2.16
0.6	1.51
0.07	0.36
0.0	0.0
0.0	0.0
0.0	0.0
0.0	0.0
0.0	0.0
0.0	0.0
0.0	0.0
0.0	0.0
0.0	0.0
0.0	0.0
0.0	0.0
0.39	1.07
1.1	1.95
1.97	2.94
2.63	3.25
3.12	3.36
3.16	2.97
2.98	2.52
3.0	2.92
1.63	0.83
1.32	0.84
1.09	1.33
0.33	0.25
0.04	0.21
0.0	0.0
0.0	0.0
0.0	0.0
0.0	0.0
0.0	0.0
0.0	0.0
0.0	0.0
0.0	0.0
0.0	0.0
0.0	0.0
0.0	0.0
0.24	0.24
1.14	2.18
1.93	2.84
2.55	3.04
2.86	2.81
3.37	3.39
3.29	3.23
3.14	3.29
2.66	3.0
2.07	2.77
1.34	2.31
0.54	1.26
0.05	0.04
0.0	0.0
0.0	0.0
0.0	0.0
0.0	0.0
0.0	0.0
0.0	0.0
0.0	0.0
0.0	0.0
0.0	0.0
0.0	0.0
0.0	0.0
0.47	1.31
1.49	3.66
2.35	3.79
2.89	3.63
3.35	3.63
3.81	3.84
3.49	3.49
2.54	1.98
2.4	2.36
2.01	2.62
1.45	2.87
0.42	0.65
0.02	0.02
0.0	0.0
0.0	0.0
0.0	0.0
0.0	0.0
0.0	0.0
0.0	0.0
0.0	0.0
0.0	0.0
0.0	0.0
0.0	0.0
0.0	0.0
0.58	1.29
1.42	3.52
2.2	3.57
2.54	3.07
3.16	3.44
2.71	2.09
3.57	3.58
3.34	3.54
2.89	3.49
2.29	3.45
0.58	0.22
0.57	1.6
0.0	0.0
0.0	0.0
0.0	0.0
0.0	0.0
0.0	0.0
0.0	0.0
0.0	0.0
0.0	0.0
0.0	0.0
0.0	0.0
0.0	0.0
0.0	0.0
0.08	0.07
0.21	0.09
0.82	0.24
1.87	1.44
1.55	0.55
1.32	0.24
0.95	0.16
2.66	2.27
2.79	3.38
1.71	1.81
1.49	3.22
0.58	1.58
0.0	0.0
0.0	0.0
0.0	0.0
0.0	0.0
0.0	0.0
0.0	0.0
0.0	0.0
0.0	0.0
0.0	0.0
0.0	0.0
0.0	0.0
0.0	0.0
0.22	0.21
0.45	0.19
0.36	0.1
0.57	0.12
1.86	0.96
3.64	3.7
1.78	0.66
1.51	0.47
0.74	0.15
1.17	0.65
1.26	2.19
0.49	1.22
0.0	0.0
0.0	0.0
0.0	0.0
0.0	0.0
0.0	0.0
0.0	0.0
0.0	0.0
0.0	0.0
0.0	0.0
0.0	0.0
0.0	0.0
0.0	0.0
0.58	1.23
1.45	3.67
2.26	3.72
2.92	3.73
3.36	3.69
3.58	3.66
3.58	3.63
3.33	3.58
2.87	3.52
2.22	3.41
1.42	3.02
0.54	1.53
0.0	0.0
0.0	0.0
0.0	0.0
0.0	0.0
0.0	0.0
0.0	0.0
0.0	0.0
0.0	0.0
0.0	0.0
0.0	0.0
0.0	0.0
0.0	0.0
0.56	1.21
1.42	3.63
2.19	3.62
2.82	3.62
3.25	3.58
3.49	3.58
3.49	3.55
3.23	3.48
2.8	3.45
2.16	3.34
1.36	2.79
0.49	1.39
0.0	0.0
0.0	0.0
0.0	0.0
0.0	0.0
0.0	0.0
0.0	0.0
0.0	0.0
0.0	0.0
0.0	0.0
0.0	0.0
0.0	0.0
0.0	0.0
0.27	0.51
1.13	2.45
1.82	2.69
2.6	3.35
3.16	3.5
3.05	2.92
3.09	2.96
3.08	3.34
2.04	1.7
1.42	1.2
0.7	0.46
0.3	0.34
0.0	0.0
0.0	0.0
0.0	0.0
0.0	0.0
0.0	0.0
0.0	0.0
0.0	0.0
0.0	0.0
0.0	0.0
0.0	0.0
0.0	0.0
0.0	0.0
0.25	0.42
0.78	0.95
1.38	1.36
2.36	2.74
2.63	2.46
2.55	1.9
2.53	1.83
2.04	1.21
2.13	1.92
1.64	1.78
0.66	0.39
0.2	0.17
0.0	0.0
0.0	0.0
0.0	0.0
0.0	0.0
0.0	0.0
0.0	0.0
0.0	0.0
0.0	0.0
0.0	0.0
0.0	0.0
0.0	0.0
0.0	0.0
0.65	1.15
0.95	1.63
1.77	2.57
2.92	3.79
3.04	3.39
3.36	3.48
3.11	3.07
2.68	2.47
2.09	1.86
1.26	0.9
0.39	0.16
0.32	0.5
0.0	0.0
0.0	0.0
0.0	0.0
0.0	0.0
0.0	0.0
0.0	0.0
0.0	0.0
0.0	0.0
0.0	0.0
0.0	0.0
0.0	0.0
0.0	0.0
0.24	0.41
0.73	0.83
1.21	0.98
1.76	1.33
2.35	1.9
2.28	1.45
2.54	1.88
2.16	1.45
1.86	1.4
1.46	1.37
0.87	0.99
0.33	0.58
0.0	0.0
0.0	0.0
0.0	0.0
0.0	0.0
0.0	0.0
0.0	0.0
0.0	0.0
0.0	0.0
0.0	0.0
0.0	0.0
0.0	0.0
0.0	0.0
0.2	0.23
0.79	1.06
1.25	1.09
1.91	1.67
2.53	2.31
2.99	2.89
2.92	2.69
2.65	2.46
2.34	2.54
1.72	2.14
1.07	1.78
0.31	0.51
0.0	0.0
0.0	0.0
0.0	0.0
0.0	0.0
0.0	0.0
0.0	0.0
0.0	0.0
0.0	0.0
0.0	0.0
0.0	0.0
0.0	0.0
0.0	0.0
0.25	0.51
0.84	1.28
1.52	1.85
1.92	1.71
2.16	1.56
2.5	1.88
2.36	1.6
2.28	1.71
2.29	2.45
1.62	1.88
0.84	0.97
0.31	0.54
0.0	0.0
0.0	0.0
0.0	0.0
0.0	0.0
0.0	0.0
0.0	0.0
0.0	0.0
0.0	0.0
0.0	0.0
0.0	0.0
0.0	0.0
0.0	0.0
0.19	0.22
0.69	0.76
1.39	1.49
1.86	1.6
2.21	1.68
2.28	1.5
2.32	1.55
2.13	1.45
1.77	1.29
1.14	0.74
0.89	1.18
0.27	0.37
0.0	0.0
0.0	0.0
0.0	0.0
0.0	0.0
0.0	0.0
0.0	0.0
0.0	0.0
0.0	0.0
0.0	0.0
0.0	0.0
0.0	0.0
0.0	0.0
0.19	0.23
0.65	0.65
1.19	1.0
1.63	1.14
1.94	1.2
2.32	1.59
2.39	1.69
2.15	1.51
1.69	1.16
1.32	1.15
0.77	0.81
0.24	0.26
0.0	0.0
0.0	0.0
0.0	0.0
0.0	0.0
0.0	0.0
0.0	0.0
0.0	0.0
0.0	0.0
0.0	0.0
0.0	0.0
0.0	0.0
0.0	0.0
0.19	0.25
0.7	0.83
1.14	0.9
1.69	1.28
1.92	1.19
2.09	1.22
2.51	1.94
2.51	2.27
2.15	2.19
1.4	1.37
0.7	0.64
0.21	0.18
0.0	0.0
0.0	0.0
0.0	0.0
0.0	0.0
0.0	0.0
0.0	0.0
0.0	0.0
0.0	0.0
0.0	0.0
0.0	0.0
0.0	0.0
0.0	0.0
0.17	0.18
0.67	0.75
1.3	1.31
1.61	1.13
2.35	2.03
2.56	2.09
2.71	2.37
2.4	2.06
2.22	2.41
1.47	1.6
0.86	1.2
0.27	0.46
0.0	0.0
0.0	0.0
0.0	0.0
0.0	0.0
0.0	0.0
0.0	0.0
0.0	0.0
0.0	0.0
0.0	0.0
0.0	0.0
0.0	0.0
0.0	0.0
0.53	0.98
1.09	2.78
0.28	0.08
0.23	0.05
1.86	1.11
0.47	0.09
0.34	0.06
0.21	0.04
1.75	1.34
1.5	1.72
0.96	1.64
0.18	0.16
0.0	0.0
0.0	0.0
0.0	0.0
0.0	0.0
0.0	0.0
0.0	0.0
0.0	0.0
0.0	0.0
0.0	0.0
0.0	0.0
0.0	0.0
0.0	0.0
0.03	0.03
0.18	0.09
0.31	0.09
0.78	0.18
0.56	0.11
0.63	0.12
0.54	0.1
0.22	0.04
0.36	0.08
0.15	0.04
0.08	0.04
0.07	0.06
0.0	0.0
0.0	0.0
0.0	0.0
0.0	0.0
0.0	0.0
0.0	0.0
0.0	0.0
0.0	0.0
0.0	0.0
0.0	0.0
0.0	0.0
0.0	0.0
0.06	0.05
0.33	0.16
0.35	0.11
0.46	0.11
0.62	0.12
0.63	0.12
0.42	0.08
0.3	0.06
0.32	0.07
0.21	0.06
0.1	0.05
0.02	0.02
0.0	0.0
0.0	0.0
0.0	0.0
0.0	0.0
0.0	0.0
0.0	0.0
0.0	0.0
0.0	0.0
0.0	0.0
0.0	0.0
0.0	0.0
0.0	0.0
0.05	0.04
0.45	0.22
0.36	0.11
0.39	0.09
0.8	0.16
1.28	0.28
1.12	0.21
0.95	0.19
0.58	0.13
0.3	0.09
0.04	0.02
0.03	0.03
0.0	0.0
0.0	0.0
0.0	0.0
0.0	0.0
0.0	0.0
0.0	0.0
0.0	0.0
0.0	0.0
0.0	0.0
0.0	0.0
0.0	0.0
0.0	0.0
0.13	0.11
0.39	0.19
1.39	1.69
2.27	2.9
2.58	2.7
2.76	2.66
3.08	3.34
2.41	2.23
1.81	1.57
1.25	1.17
0.38	0.18
0.05	0.04
0.0	0.0
0.0	0.0
0.0	0.0
0.0	0.0
0.0	0.0
0.0	0.0
0.0	0.0
0.0	0.0
0.0	0.0
0.0	0.0
0.0	0.0
0.0	0.0
0.38	0.93
0.87	1.78
1.89	3.42
2.44	3.36
2.39	2.27
2.84	2.88
1.68	0.72
1.88	1.19
1.72	1.4
0.85	0.37
0.63	0.63
0.16	0.14
0.0	0.0
0.0	0.0
0.0	0.0
0.0	0.0
0.0	0.0
0.0	0.0
0.0	0.0
0.0	0.0
0.0	0.0
0.0	0.0
0.0	0.0
0.0	0.0
0.34	0.92
1.13	3.34
1.37	1.68
1.76	1.58
2.93	3.47
3.1	3.41
3.16	3.46
2.15	1.73
0.61	0.14
0.33	0.1
0.42	0.2
0.05	0.04
0.0	0.0
0.0	0.0
0.0	0.0
0.0	0.0
0.0	0.0
0.0	0.0
0.0	0.0
0.0	0.0
0.0	0.0
0.0	0.0
0.0	0.0
0.0	0.0
0.14	0.16
0.33	0.17
0.67	0.21
1.35	0.78
1.64	0.86
1.19	0.23
1.13	0.21
1.43	0.56
0.82	0.19
1.24	1.24
0.5	0.33
0.04	0.04
0.0	0.0
0.0	0.0
0.0	0.0
0.0	0.0
0.0	0.0
0.0	0.0
0.0	0.0
0.0	0.0
0.0	0.0
0.0	0.0
0.0	0.0
0.0	0.0
0.06	0.05
0.34	0.18
0.49	0.15
0.39	0.09
0.92	0.19
0.96	0.18
1.39	0.41
1.27	0.39
1.12	0.42
0.41	0.13
0.27	0.14
0.09	0.08
0.0	0.0
0.0	0.0
0.0	0.0
0.0	0.0
0.0	0.0
0.0	0.0
0.0	0.0
0.0	0.0
0.0	0.0
0.0	0.0
0.0	0.0
0.0	0.0
0.26	0.88
0.74	1.31
1.66	2.85
2.63	3.7
3.0	3.6
3.22	3.59
3.19	3.55
2.93	3.5
2.46	3.44
1.62	2.59
0.99	2.54
0.15	0.18
0.0	0.0
0.0	0.0
0.0	0.0
0.0	0.0
0.0	0.0
0.0	0.0
0.0	0.0
0.0	0.0
0.0	0.0
0.0	0.0
0.0	0.0
0.0	0.0
0.15	0.25
1.14	3.51
2.0	3.74
2.39	3.38
3.09	3.73
3.3	3.7
3.27	3.66
2.99	3.6
2.52	3.55
1.85	3.43
1.04	2.99
0.22	0.65
0.0	0.0
0.0	0.0
0.0	0.0
0.0	0.0
0.0	0.0
0.0	0.0
0.0	0.0
0.0	0.0
0.0	0.0
0.0	0.0
0.0	0.0
0.0	0.0
0.26	0.86
0.86	2.02
1.32	1.66
1.76	1.7
2.22	2.04
2.22	1.69
1.95	1.2
1.45	0.63
1.2	0.57
1.38	1.83
0.52	0.47
0.07	0.06
0.0	0.0
0.0	0.0
0.0	0.0
0.0	0.0
0.0	0.0
0.0	0.0
0.0	0.0
0.0	0.0
0.0	0.0
0.0	0.0
0.0	0.0
0.0	0.0
0.18	0.5
1.09	3.42
1.83	3.46
2.4	3.43
2.82	3.43
2.96	3.35
2.97	3.36
2.75	3.35
2.08	2.6
1.36	1.81
0.66	1.02
0.1	0.09
0.0	0.0
0.0	0.0
0.0	0.0
0.0	0.0
0.0	0.0
0.0	0.0
0.0	0.0
0.0	0.0
0.0	0.0
0.0	0.0
0.0	0.0
0.0	0.0
0.06	0.05
0.17	0.09
0.46	0.15
0.52	0.13
1.31	0.48
2.13	1.56
3.04	3.46
2.53	2.88
1.13	0.5
1.16	1.23
0.43	0.27
0.06	0.05
0.0	0.0
0.0	0.0
0.0	0.0
0.0	0.0
0.0	0.0
0.0	0.0
0.0	0.0
0.0	0.0
0.0	0.0
0.0	0.0
0.0	0.0
0.0	0.0
0.1	0.09
0.26	0.14
0.61	0.2
1.92	2.21
1.46	0.68
1.0	0.2
1.83	1.06
1.69	1.04
1.45	1.07
1.02	0.89
0.93	2.71
0.07	0.06
0.0	0.0
0.0	0.0
0.0	0.0
0.0	0.0
0.0	0.0
0.0	0.0
0.0	0.0
0.0	0.0
0.0	0.0
0.0	0.0
0.0	0.0
0.0	0.0
0.13	0.24
0.54	0.63
0.76	0.35
1.02	0.37
1.43	0.65
2.66	2.79
2.99	3.44
2.99	3.71
2.65	3.87
1.53	2.64
0.76	1.71
0.13	0.28
0.0	0.0
0.0	0.0
0.0	0.0
0.0	0.0
0.0	0.0
0.0	0.0
0.0	0.0
0.0	0.0
0.0	0.0
0.0	0.0
0.0	0.0
0.0	0.0
0.1	0.11
0.6	0.89
1.28	1.68
1.93	2.3
2.61	3.23
2.25	1.87
2.01	1.41
1.72	1.14
2.22	3.27
1.32	1.88
0.59	0.91
0.06	0.05
0.0	0.0
0.0	0.0
0.0	0.0
0.0	0.0
0.0	0.0
0.0	0.0
0.0	0.0
0.0	0.0
0.0	0.0
0.0	0.0
0.0	0.0
0.0	0.0
0.09	0.08
0.29	0.16
0.52	0.17
1.33	0.88
1.99	1.68
1.34	0.43
0.88	0.18
1.06	0.24
0.79	0.2
0.65	0.22
0.24	0.14
0.06	0.05
0.0	0.0
0.0	0.0
0.0	0.0
0.0	0.0
0.0	0.0
0.0	0.0
0.0	0.0
0.0	0.0
0.0	0.0
0.0	0.0
0.0	0.0
0.0	0.0
0.04	0.04
0.19	0.11
0.25	0.08
0.38	0.1
0.87	0.19
0.38	0.08
0.25	0.05
0.43	0.09
0.82	0.21
0.5	0.17
0.23	0.14
0.03	0.03
0.0	0.0
0.0	0.0
0.0	0.0
0.0	0.0
0.0	0.0
0.0	0.0
0.0	0.0
0.0	0.0
0.0	0.0
0.0	0.0
0.0	0.0
0.0	0.0
0.07	0.06
0.71	1.54
1.44	2.39
2.07	2.85
2.6	3.28
2.86	3.36
2.82	3.32
2.57	3.27
2.08	2.98
1.46	2.63
0.7	1.69
0.11	0.34
0.0	0.0
0.0	0.0
0.0	0.0
0.0	0.0
0.0	0.0
0.0	0.0
0.0	0.0
0.0	0.0
0.0	0.0
0.0	0.0
0.0	0.0
0.0	0.0
0.06	0.05
0.7	1.53
1.42	2.35
2.28	3.41
2.14	2.11
1.85	1.19
1.96	1.4
2.56	3.28
2.05	2.94
1.38	2.35
0.66	1.53
0.09	0.25
0.0	0.0
0.0	0.0
0.0	0.0
0.0	0.0
0.0	0.0
0.0	0.0
0.0	0.0
0.0	0.0
0.0	0.0
0.0	0.0
0.0	0.0
0.0	0.0
0.07	0.06
0.68	1.46
1.37	2.19
1.92	2.45
2.39	2.8
2.7	3.14
2.68	3.11
2.42	2.96
1.94	2.63
1.33	2.21
0.59	1.2
0.07	0.16
0.0	0.0
0.0	0.0
0.0	0.0
0.0	0.0
0.0	0.0
0.0	0.0
0.0	0.0
0.0	0.0
0.0	0.0
0.0	0.0
0.0	0.0
0.0	0.0
0.07	0.06
0.59	1.03
0.86	0.63
0.76	0.2
0.83	0.18
0.76	0.16
2.47	2.59
2.27	2.58
1.46	1.31
1.08	1.34
0.42	0.47
0.05	0.08
0.0	0.0
0.0	0.0
0.0	0.0
0.0	0.0
0.0	0.0
0.0	0.0
0.0	0.0
0.0	0.0
0.0	0.0
0.0	0.0
0.0	0.0
0.0	0.0
0.06	0.05
0.23	0.14
0.48	0.17
0.92	0.3
0.88	0.19
0.68	0.14
1.11	0.25
1.14	0.38
1.14	0.67
0.76	0.5
0.36	0.29
0.06	0.19
0.0	0.0
0.0	0.0
0.0	0.0
0.0	0.0
0.0	0.0
0.0	0.0
0.0	0.0
0.0	0.0
0.0	0.0
0.0	0.0
0.0	0.0
0.0	0.0
0.05	0.04
0.7	1.73
1.43	2.58
2.06	3.04
2.54	3.3
2.14	1.86
2.05	1.68
2.56	3.37
2.21	3.48
1.36	2.55
0.34	0.25
0.07	0.36
0.0	0.0
0.0	0.0
0.0	0.0
0.0	0.0
0.0	0.0
0.0	0.0
0.0	0.0
0.0	0.0
0.0	0.0
0.0	0.0
0.0	0.0
0.0	0.0
0.03	0.03
0.28	0.17
1.23	1.81
1.86	2.41
1.08	0.31
1.22	0.37
0.63	0.13
1.49	0.91
1.62	1.83
1.31	2.39
0.54	1.19
0.06	0.31
0.0	0.0
0.0	0.0
0.0	0.0
0.0	0.0
0.0	0.0
0.0	0.0
0.0	0.0
0.0	0.0
0.0	0.0
0.0	0.0
0.0	0.0
0.0	0.0
0.05	0.04
0.63	1.41
1.34	2.29
1.94	2.72
1.32	0.62
1.45	0.66
0.86	0.18
1.0	0.25
1.3	1.05
0.61	0.26
0.32	0.24
0.06	0.31
0.0	0.0
0.0	0.0
0.0	0.0
0.0	0.0
0.0	0.0
0.0	0.0
0.0	0.0
0.0	0.0
0.0	0.0
0.0	0.0
0.0	0.0
0.0	0.0
0.07	0.14
0.4	0.38
1.16	1.62
1.9	2.62
2.24	2.61
2.37	2.5
2.62	3.23
2.39	3.18
1.93	2.95
1.25	2.26
0.5	1.09
0.04	0.21
0.0	0.0
0.0	0.0
0.0	0.0
0.0	0.0
0.0	0.0
0.0	0.0
0.0	0.0
0.0	0.0
0.0	0.0
0.0	0.0
0.0	0.0
0.0	0.0
0.05	0.06
0.6	1.32
1.27	2.08
1.83	2.43
1.9	1.76
2.35	2.49
2.46	2.82
1.88	1.79
1.65	2.05
1.04	1.46
0.63	1.75
0.03	0.03
0.0	0.0
0.0	0.0
0.0	0.0
0.0	0.0
0.0	0.0
0.0	0.0
0.0	0.0
0.0	0.0
0.0	0.0
0.0	0.0
0.0	0.0
0.0	0.0
0.04	0.04
0.56	1.14
1.1	1.47
1.77	2.28
2.16	2.46
2.42	2.71
2.55	3.12
2.26	2.88
1.88	2.89
1.23	2.31
0.52	1.36
0.0	0.0
0.0	0.0
0.0	0.0
0.0	0.0
0.0	0.0
0.0	0.0
0.0	0.0
0.0	0.0
0.0	0.0
0.0	0.0
0.0	0.0
0.0	0.0
0.0	0.0
0.04	0.04
0.56	1.18
1.27	2.17
1.85	2.58
2.18	2.56
2.39	2.67
2.33	2.55
1.91	1.94
1.78	2.58
1.15	2.02
0.45	0.98
0.0	0.0
0.0	0.0
0.0	0.0
0.0	0.0
0.0	0.0
0.0	0.0
0.0	0.0
0.0	0.0
0.0	0.0
0.0	0.0
0.0	0.0
0.0	0.0
0.0	0.0
0.01	0.01
0.22	0.15
0.2	0.07
0.23	0.06
0.18	0.04
0.8	0.17
1.03	0.23
0.88	0.21
0.82	0.28
0.83	0.88
0.14	0.11
0.0	0.0
0.0	0.0
0.0	0.0
0.0	0.0
0.0	0.0
0.0	0.0
0.0	0.0
0.0	0.0
0.0	0.0
0.0	0.0
0.0	0.0
0.0	0.0
0.0	0.0
0.03	0.03
0.28	0.19
1.07	1.46
0.58	0.16
1.54	1.08
2.15	2.12
1.6	1.0
1.54	1.15
1.41	1.51
0.68	0.5
0.36	0.59
0.0	0.0
0.0	0.0
0.0	0.0
0.0	0.0
0.0	0.0
0.0	0.0
0.0	0.0
0.0	0.0
0.0	0.0
0.0	0.0
0.0	0.0
0.0	0.0
0.0	0.0
0.01	0.01
0.11	0.08
0.09	0.03
0.29	0.08
0.76	0.18
1.98	1.75
2.21	2.35
1.86	1.92
1.2	1.0
1.19	2.41
0.48	1.42
0.0	0.0
0.0	0.0
0.0	0.0
0.0	0.0
0.0	0.0
0.0	0.0
0.0	0.0
0.0	0.0
0.0	0.0
0.0	0.0
0.0	0.0
0.0	0.0
0.0	0.0
0.06	0.31
0.47	0.84
1.1	1.64
1.64	2.05
1.78	1.64
1.46	0.78
1.77	1.36
1.89	2.03
1.7	2.52
0.91	1.25
0.42	1.06
0.0	0.0
0.0	0.0
0.0	0.0
0.0	0.0
0.0	0.0
0.0	0.0
0.0	0.0
0.0	0.0
0.0	0.0
0.0	0.0
0.0	0.0
0.0	0.0
0.0	0.0
0.03	0.08
0.11	0.08
0.35	0.13
1.12	0.75
0.49	0.12
0.93	0.2
1.46	0.82
1.75	1.71
1.72	2.65
1.06	1.92
0.43	1.2
0.0	0.0
0.0	0.0
0.0	0.0
0.0	0.0
0.0	0.0
0.0	0.0
0.0	0.0
0.0	0.0
0.0	0.0
0.0	0.0
0.0	0.0
0.0	0.0
0.0	0.0
0.03	0.12
0.42	0.66
1.17	2.01
1.75	2.49
2.19	2.83
2.41	2.99
2.2	2.44
2.29	3.28
1.7	2.64
1.07	2.03
0.4	1.04
0.0	0.0
0.0	0.0
0.0	0.0
0.0	0.0
0.0	0.0
0.0	0.0
0.0	0.0
0.0	0.0
0.0	0.0
0.0	0.0
0.0	0.0
0.0	0.0
0.0	0.0
0.03	0.15
0.34	0.34
0.93	1.13
1.67	2.26
2.13	2.69
2.33	2.8
2.27	2.68
1.92	2.24
1.27	1.29
1.0	1.77
0.36	0.81
0.0	0.0
0.0	0.0
0.0	0.0
0.0	0.0
0.0	0.0
0.0	0.0
0.0	0.0
0.0	0.0
0.0	0.0
0.0	0.0
0.0	0.0
0.0	0.0
0.0	0.0
0.01	0.02
0.43	0.77
1.15	2.01
1.69	2.37
1.91	2.09
2.27	2.67
2.41	3.15
2.13	2.93
1.44	1.83
0.98	1.73
0.35	0.79
0.0	0.0
0.0	0.0
0.0	0.0
0.0	0.0
0.0	0.0
0.0	0.0
0.0	0.0
0.0	0.0
0.0	0.0
0.0	0.0
0.0	0.0
0.0	0.0
0.0	0.0
0.0	0.0
0.45	0.91
0.5	0.2
0.86	0.35
1.88	2.04
2.4	3.1
2.33	2.95
2.08	2.82
1.65	2.62
1.03	2.03
0.34	0.76
0.0	0.0
0.0	0.0
0.0	0.0
0.0	0.0
0.0	0.0
0.0	0.0
0.0	0.0
0.0	0.0
0.0	0.0
0.0	0.0
0.0	0.0
0.0	0.0
0.0	0.0
0.0	0.0
0.39	0.63
1.14	2.05
1.69	2.45
2.21	3.08
2.38	3.08
2.21	2.64
1.59	1.47
1.26	1.35
0.84	1.24
0.27	0.39
0.0	0.0
0.0	0.0
0.0	0.0
0.0	0.0
0.0	0.0
0.0	0.0
0.0	0.0
0.0	0.0
0.0	0.0
0.0	0.0
0.0	0.0
0.0	0.0
0.0	0.0
0.0	0.0
0.38	0.61
1.16	2.19
1.68	2.46
1.9	2.17
2.21	2.62
2.44	3.29
2.16	3.2
1.7	2.94
0.99	1.96
0.34	0.84
0.0	0.0
0.0	0.0
0.0	0.0
0.0	0.0
0.0	0.0
0.0	0.0
0.0	0.0
0.0	0.0
0.0	0.0
0.0	0.0
0.0	0.0
0.0	0.0
0.0	0.0
0.0	0.0
0.36	0.54
1.14	2.15
1.71	2.62
2.21	3.18
2.4	3.22
2.25	2.84
1.97	2.61
1.55	2.4
1.21	3.24
0.36	1.03
0.0	0.0
0.0	0.0
0.0	0.0
0.0	0.0
0.0	0.0
0.0	0.0
0.0	0.0
0.0	0.0
0.0	0.0
0.0	0.0
0.0	0.0
0.0	0.0
0.0	0.0
0.0	0.0
0.35	0.52
1.14	2.2
1.72	2.7
2.22	3.23
2.4	3.24
2.31	3.08
1.92	2.49
0.83	0.43
0.26	0.12
0.21	0.19
0.0	0.0
0.0	0.0
0.0	0.0
0.0	0.0
0.0	0.0
0.0	0.0
0.0	0.0
0.0	0.0
0.0	0.0
0.0	0.0
0.0	0.0
0.0	0.0
0.0	0.0
0.0	0.0
0.34	0.49
1.11	2.1
1.68	2.59
2.15	3.07
2.29	2.99
2.28	3.03
2.04	2.94
1.6	2.71
0.95	1.94
0.33	0.89
0.0	0.0
0.0	0.0
0.0	0.0
0.0	0.0
0.0	0.0
0.0	0.0
0.0	0.0
0.0	0.0
0.0	0.0
0.0	0.0
0.0	0.0
0.0	0.0
0.0	0.0
0.0	0.0
0.19	0.16
0.67	0.54
0.7	0.21
0.5	0.13
0.47	0.11
0.25	0.06
0.19	0.05
0.09	0.03
0.24	0.11
0.1	0.09
0.0	0.0
0.0	0.0
0.0	0.0
0.0	0.0
0.0	0.0
0.0	0.0
0.0	0.0
0.0	0.0
0.0	0.0
0.0	0.0
0.0	0.0
0.0	0.0
0.0	0.0
0.0	0.0
0.1	0.08
0.27	0.11
0.45	0.14
0.25	0.06
0.46	0.11
1.22	0.59
0.77	0.2
1.17	1.28
0.52	0.37
0.07	0.06
0.0	0.0
0.0	0.0
0.0	0.0
0.0	0.0
0.0	0.0
0.0	0.0
0.0	0.0
0.0	0.0
0.0	0.0
0.0	0.0
0.0	0.0
0.0	0.0
0.0	0.0
0.0	0.0
0.56	1.69
1.32	3.29
1.12	0.96
1.57	1.47
2.29	3.12
1.86	1.93
1.58	1.65
0.8	0.43
0.15	0.07
0.02	0.02
0.0	0.0
0.0	0.0
0.0	0.0
0.0	0.0
0.0	0.0
0.0	0.0
0.0	0.0
0.0	0.0
0.0	0.0
0.0	0.0
0.0	0.0
0.0	0.0
0.0	0.0
0.0	0.0
0.05	0.04
0.14	0.06
0.22	0.07
0.34	0.09
0.33	0.08
0.26	0.06
0.22	0.06
0.19	0.06
0.08	0.04
0.01	0.01
0.0	0.0
0.0	0.0
0.0	0.0
0.0	0.0
0.0	0.0
0.0	0.0
0.0	0.0
0.0	0.0
0.0	0.0
0.0	0.0
0.0	0.0
0.0	0.0
0.0	0.0
0.0	0.0
0.41	1.09
0.64	0.52
0.81	0.37
1.11	0.57
0.68	0.16
0.92	0.24
1.04	0.53
0.77	0.4
0.36	0.18
0.05	0.04
0.0	0.0
0.0	0.0
0.0	0.0
0.0	0.0
0.0	0.0
0.0	0.0
0.0	0.0
0.0	0.0
0.0	0.0
0.0	0.0
0.0	0.0
0.0	0.0
0.0	0.0
0.0	0.0
0.1	0.09
0.26	0.11
0.16	0.05
0.28	0.07
0.37	0.09
0.22	0.05
0.22	0.06
0.15	0.05
0.07	0.04
0.01	0.01
0.0	0.0
0.0	0.0
0.0	0.0
0.0	0.0
0.0	0.0
0.0	0.0
0.0	0.0
0.0	0.0
0.0	0.0
0.0	0.0
0.0	0.0
0.0	0.0
0.0	0.0
0.0	0.0
0.3	0.46
0.33	0.15
0.28	0.09
0.5	0.13
0.66	0.16
0.49	0.12
0.33	0.09
0.23	0.08
0.12	0.06
0.01	0.01
0.0	0.0
0.0	0.0
0.0	0.0
0.0	0.0
0.0	0.0
0.0	0.0
0.0	0.0
0.0	0.0
0.0	0.0
0.0	0.0
0.0	0.0
0.0	0.0
0.0	0.0
0.0	0.0
0.39	1.05
0.38	0.17
0.65	0.21
0.83	0.22
1.72	1.66
2.4	3.46
0.68	0.19
0.51	0.17
0.3	0.15
0.03	0.03
0.0	0.0
0.0	0.0
0.0	0.0
0.0	0.0
0.0	0.0
0.0	0.0
0.0	0.0
0.0	0.0
0.0	0.0
0.0	0.0
0.0	0.0
0.0	0.0
0.0	0.0
0.0	0.0
0.77	1.58
1.03	2.15
0.96	0.7
1.13	0.66
2.0	2.46
2.28	3.31
1.35	1.22
0.61	0.21
0.34	0.18
0.08	0.07
0.0	0.0
0.0	0.0
0.0	0.0
0.0	0.0
0.0	0.0
0.0	0.0
0.0	0.0
0.0	0.0
0.0	0.0
0.0	0.0
0.0	0.0
0.0	0.0
0.0	0.0
0.0	0.0
0.75	1.56
1.0	2.02
2.06	3.86
2.36	3.68
2.22	3.2
1.31	0.85
1.38	1.31
0.96	0.9
0.22	0.12
0.01	0.01
0.0	0.0
0.0	0.0
0.0	0.0
0.0	0.0
0.0	0.0
0.0	0.0
0.0	0.0
0.0	0.0
0.0	0.0
0.0	0.0
0.0	0.0
0.0	0.0
0.0	0.0
0.0	0.0
0.72	1.54
0.98	2.0
2.08	3.93
2.38	3.73
2.15	3.02
1.17	0.62
1.92	3.06
1.16	1.53
0.51	0.49
0.08	0.07
0.0	0.0
0.0	0.0
0.0	0.0
0.0	0.0
0.0	0.0
0.0	0.0
0.0	0.0
0.0	0.0
0.0	0.0
0.0	0.0
0.0	0.0
0.0	0.0
0.0	0.0
0.0	0.0
0.72	1.52
0.97	1.99
2.06	3.91
2.33	3.67
2.41	3.52
2.26	3.34
1.36	1.31
0.66	0.28
0.45	0.33
0.08	0.07
0.0	0.0
0.0	0.0
0.0	0.0
0.0	0.0
0.0	0.0
0.0	0.0
0.0	0.0
0.0	0.0
0.0	0.0
0.0	0.0
0.0	0.0
0.0	0.0
0.0	0.0
0.0	0.0
0.71	1.5
0.96	1.97
1.57	2.76
2.38	3.78
2.26	3.32
1.9	2.38
1.35	1.31
0.65	0.27
0.07	0.04
0.0	0.0
0.0	0.0
0.0	0.0
0.0	0.0
0.0	0.0
0.0	0.0
0.0	0.0
0.0	0.0
0.0	0.0
0.0	0.0
0.0	0.0
0.0	0.0
0.0	0.0
0.0	0.0
0.0	0.0
0.7	1.48
0.94	1.92
1.93	3.72
2.27	3.62
2.33	3.44
2.2	3.29
1.84	2.89
1.3	2.16
0.62	0.97
0.07	0.06
0.0	0.0
0.0	0.0
0.0	0.0
0.0	0.0
0.0	0.0
0.0	0.0
0.0	0.0
0.0	0.0
0.0	0.0
0.0	0.0
0.0	0.0
0.0	0.0
0.0	0.0
0.0	0.0
0.68	1.46
0.93	1.93
1.14	1.28
1.97	3.13
1.86	2.25
2.22	3.34
0.87	0.36
0.89	0.81
0.75	1.66
0.07	0.06
0.0	0.0
0.0	0.0
0.0	0.0
0.0	0.0
0.0	0.0
0.0	0.0
0.0	0.0
0.0	0.0
0.0	0.0
0.0	0.0
0.0	0.0
0.0	0.0
0.0	0.0
0.0	0.0
0.67	1.44
0.92	1.89
1.91	3.73
2.2	3.55
2.28	3.4
1.82	2.23
0.86	0.36
1.08	1.4
0.36	0.2
0.06	0.05
0.0	0.0
0.0	0.0
0.0	0.0
0.0	0.0
0.0	0.0
0.0	0.0
0.0	0.0
0.0	0.0
0.0	0.0
0.0	0.0
0.0	0.0
0.0	0.0
0.0	0.0
0.0	0.0
0.66	1.42
0.9	1.85
1.85	3.64
2.1	3.41
2.08	3.03
2.16	3.28
1.81	2.9
1.25	2.07
0.58	0.88
0.06	0.05
0.0	0.0
0.0	0.0
0.0	0.0
0.0	0.0
0.0	0.0
0.0	0.0
0.0	0.0
0.0	0.0
0.0	0.0
0.0	0.0
0.0	0.0
0.0	0.0
0.0	0.0
0.0	0.0
0.64	1.4
0.89	1.85
1.93	3.82
1.04	0.6
1.36	1.04
2.14	3.27
1.79	2.87
1.27	2.19
0.57	0.86
0.05	0.04
0.0	0.0
0.0	0.0
0.0	0.0
0.0	0.0
0.0	0.0
0.0	0.0
0.0	0.0
0.0	0.0
0.0	0.0
0.0	0.0
0.0	0.0
0.0	0.0
0.0	0.0
0.0	0.0
0.63	1.38
1.36	3.92
1.85	3.68
1.81	2.7
1.04	0.48
1.17	0.72
1.85	3.15
0.97	1.11
0.52	0.67
0.07	0.06
0.0	0.0
0.0	0.0
0.0	0.0
0.0	0.0
0.0	0.0
0.0	0.0
0.0	0.0
0.0	0.0
0.0	0.0
0.0	0.0
0.0	0.0
0.0	0.0
0.0	0.0
0.0	0.0
0.27	0.55
0.55	0.5
1.45	2.56
2.11	3.48
2.02	2.94
1.9	2.62
1.54	2.04
0.86	0.81
0.52	0.69
0.05	0.04
0.0	0.0
0.0	0.0
0.0	0.0
0.0	0.0
0.0	0.0
0.0	0.0
0.0	0.0
0.0	0.0
0.0	0.0
0.0	0.0
0.0	0.0
0.0	0.0
0.0	0.0
0.0	0.0
0.34	1.08
0.74	1.22
1.94	3.91
1.48	1.69
2.41	3.69
1.32	1.04
1.23	1.16
0.7	0.44
0.35	0.21
0.02	0.02
0.0	0.0
0.0	0.0
0.0	0.0
0.0	0.0
0.0	0.0
0.0	0.0
0.0	0.0
0.0	0.0
0.0	0.0
0.0	0.0
0.0	0.0
0.0	0.0
0.0	0.0
0.0	0.0
0.38	1.32
0.68	1.0
1.0	1.02
1.87	3.05
1.76	2.15
2.05	3.19
1.69	2.63
1.22	2.11
0.63	1.25
0.05	0.04
0.0	0.0
0.0	0.0
0.0	0.0
0.0	0.0
0.0	0.0
0.0	0.0
0.0	0.0
0.0	0.0
0.0	0.0
0.0	0.0
0.0	0.0
0.0	0.0
0.0	0.0
0.0	0.0
0.58	1.31
1.33	3.98
1.78	3.64
1.75	2.63
1.93	2.73
1.88	2.64
1.77	2.98
1.16	1.89
0.5	0.67
0.02	0.02
0.0	0.0
0.0	0.0
0.0	0.0
0.0	0.0
0.0	0.0
0.0	0.0
0.0	0.0
0.0	0.0
0.0	0.0
0.0	0.0
0.0	0.0
0.0	0.0
0.0	0.0
0.0	0.0
0.57	1.29
1.27	3.83
1.71	3.51
2.04	3.44
2.15	3.34
2.03	3.19
1.68	2.66
1.16	1.92
0.43	0.43
0.02	0.02
0.0	0.0
0.0	0.0
0.0	0.0
0.0	0.0
0.0	0.0
0.0	0.0
0.0	0.0
0.0	0.0
0.0	0.0
0.0	0.0
0.0	0.0
0.0	0.0
0.0	0.0
0.0	0.0
0.34	1.22
1.22	3.71
1.68	3.47
1.67	2.41
1.17	0.75
0.91	0.35
1.05	0.79
1.08	1.62
0.27	0.16
0.02	0.02
0.0	0.0
0.0	0.0
0.0	0.0
0.0	0.0
0.0	0.0
0.0	0.0
0.0	0.0
0.0	0.0
0.0	0.0
0.0	0.0
0.0	0.0
0.0	0.0
0.0	0.0
0.0	0.0
0.27	0.69
1.12	3.43
1.5	3.05
1.56	2.06
1.32	1.07
1.13	0.72
0.94	0.57
0.36	0.14
0.14	0.09
0.01	0.01
0.0	0.0
0.0	0.0
0.0	0.0
0.0	0.0
0.0	0.0
0.0	0.0
0.0	0.0
0.0	0.0
0.0	0.0
0.0	0.0
0.0	0.0
0.0	0.0
0.0	0.0
0.0	0.0
0.2	0.29
0.46	0.34
1.03	1.2
0.97	0.57
2.05	3.23
1.73	2.26
1.41	1.79
0.92	1.09
0.47	0.61
0.02	0.02
0.0	0.0
0.0	0.0
0.0	0.0
0.0	0.0
0.0	0.0
0.0	0.0
0.0	0.0
0.0	0.0
0.0	0.0
0.0	0.0
0.0	0.0
0.0	0.0
0.0	0.0
0.0	0.0
0.52	1.21
1.15	3.59
1.1	1.45
1.29	1.3
0.97	0.44
1.05	0.59
1.04	0.8
0.91	1.08
0.37	0.28
0.02	0.02
0.0	0.0
0.0	0.0
0.0	0.0
0.0	0.0
0.0	0.0
0.0	0.0
0.0	0.0
0.0	0.0
0.0	0.0
0.0	0.0
0.0	0.0
0.0	0.0
0.0	0.0
0.0	0.0
0.52	1.19
0.78	1.7
1.81	3.83
2.06	3.56
2.11	3.35
1.98	3.18
1.61	2.54
1.14	1.96
0.49	0.72
0.02	0.02
0.0	0.0
0.0	0.0
0.0	0.0
0.0	0.0
0.0	0.0
0.0	0.0
0.0	0.0
0.0	0.0
0.0	0.0
0.0	0.0
0.0	0.0
0.0	0.0
0.0	0.0
0.0	0.0
0.15	0.13
0.77	1.68
1.75	3.72
2.01	3.49
2.01	3.2
0.7	0.19
0.89	0.51
0.85	0.91
0.15	0.09
0.02	0.02
0.0	0.0
0.0	0.0
0.0	0.0
0.0	0.0
0.0	0.0
0.0	0.0
0.0	0.0
0.0	0.0
0.0	0.0
0.0	0.0
0.0	0.0
0.0	0.0
0.0	0.0
0.0	0.0
0.17	0.2
0.56	0.71
1.41	2.82
1.66	2.55
1.03	0.56
0.57	0.16
0.46	0.14
0.71	0.54
0.22	0.14
0.02	0.02
0.0	0.0
0.0	0.0
0.0	0.0
0.0	0.0
0.0	0.0
0.0	0.0
0.0	0.0
0.0	0.0
0.0	0.0
0.0	0.0
0.0	0.0
0.18	0.16
0.52	0.3
1.25	1.1
1.64	1.05
3.03	3.14
3.38	3.12
3.5	2.98
3.65	3.3
3.7	3.58
3.25	3.53
2.6	3.41
1.87	3.19
1.04	2.45
0.33	0.98
0.0	0.0
0.0	0.0
0.0	0.0
0.0	0.0
0.0	0.0
0.0	0.0
0.0	0.0
0.0	0.0
0.0	0.0
0.0	0.0
0.18	0.16
0.52	0.3
1.25	1.1
1.64	1.05
3.03	3.14
3.38	3.12
3.5	2.98
3.65	3.3
3.7	3.58
3.25	3.53
2.6	3.41
1.87	3.19
1.04	2.45
0.33	0.98
0.0	0.0
0.0	0.0
0.0	0.0
0.0	0.0
0.0	0.0
0.0	0.0
0.0	0.0
0.0	0.0
0.0	0.0
0.0	0.0
0.18	0.16
0.52	0.3
1.25	1.1
1.64	1.05
3.03	3.14
3.38	3.12
3.5	2.98
3.65	3.3
3.7	3.58
3.25	3.53
2.6	3.41
1.87	3.19
1.04	2.45
0.33	0.98
0.0	0.0
0.0	0.0
0.0	0.0
0.0	0.0
0.0	0.0
0.0	0.0
0.0	0.0
0.0	0.0
0.0	0.0
0.0	0.0
0.18	0.16
0.52	0.3
1.25	1.1
1.64	1.05
3.03	3.14
3.38	3.12
3.5	2.98
3.65	3.3
3.7	3.58
3.25	3.53
2.6	3.41
1.87	3.19
1.04	2.45
0.33	0.98
0.0	0.0
0.0	0.0
0.0	0.0
0.0	0.0
0.0	0.0
0.0	0.0
0.0	0.0
0.0	0.0
0.0	0.0
0.0	0.0
0.18	0.16
0.52	0.3
1.25	1.1
1.64	1.05
3.03	3.14
3.38	3.12
3.5	2.98
3.65	3.3
3.7	3.58
3.25	3.53
2.6	3.41
1.87	3.19
1.04	2.45
0.33	0.98
0.0	0.0
0.0	0.0
0.0	0.0
0.0	0.0
0.0	0.0
0.0	0.0
0.0	0.0
0.0	0.0
0.0	0.0
0.0	0.0
0.18	0.16
0.52	0.3
1.25	1.1
1.64	1.05
3.03	3.14
3.38	3.12
3.5	2.98
3.65	3.3
3.7	3.58
3.25	3.53
2.6	3.41
1.87	3.19
1.04	2.45
0.33	0.98
0.0	0.0
0.0	0.0
0.0	0.0
0.0	0.0
0.0	0.0
0.0	0.0
0.0	0.0
0.0	0.0
0.0	0.0
0.0	0.0
0.18	0.16
0.52	0.3
1.25	1.1
1.64	1.05
3.03	3.14
3.38	3.12
3.5	2.98
3.65	3.3
3.7	3.58
3.25	3.53
2.6	3.41
1.87	3.19
1.04	2.45
0.33	0.98
0.0	0.0
0.0	0.0
0.0	0.0
0.0	0.0
0.0	0.0
0.0	0.0
0.0	0.0
0.0	0.0
0.0	0.0
0.0	0.0
0.0	0.0
0.0	0.0
0.31	1.06
0.81	2.23
1.38	2.94
1.78	3.19
1.95	3.2
1.91	3.16
1.67	3.0
1.2	2.43
0.64	1.69
0.12	0.26
0.0	0.0
0.0	0.0
0.0	0.0
0.0	0.0
0.0	0.0
0.0	0.0
0.0	0.0
0.0	0.0
0.0	0.0
0.0	0.0
0.0	0.0
0.0	0.0
0.0	0.0
0.0	0.0
0.23	0.7
0.81	2.26
1.34	2.76
1.69	2.89
1.83	2.81
1.92	3.19
1.51	2.36
0.85	1.0
0.61	1.5
0.11	0.21
0.0	0.0
0.0	0.0
0.0	0.0
0.0	0.0
0.0	0.0
0.0	0.0
0.0	0.0
0.0	0.0
0.0	0.0
0.0	0.0
0.0	0.0
0.0	0.0
0.0	0.0
0.0	0.0
0.25	0.89
0.88	2.81
1.45	3.24
1.84	3.32
2.0	3.3
1.96	3.26
1.74	3.23
1.29	2.92
0.7	2.14
0.13	0.34
0.0	0.0
0.0	0.0
0.0	0.0
0.0	0.0
0.0	0.0
0.0	0.0
0.0	0.0
0.0	0.0
0.0	0.0
0.0	0.0
0.0	0.0
0.0	0.0
0.0	0.0
0.0	0.0
0.12	0.11
0.78	2.12
0.64	0.36
1.26	1.41
2.19	3.62
1.94	3.23
1.66	2.99
1.3	2.99
0.71	2.22
0.14	0.42
0.0	0.0
0.0	0.0
0.0	0.0
0.0	0.0
0.0	0.0
0.0	0.0
0.0	0.0
0.0	0.0
0.0	0.0
0.0	0.0
0.0	0.0
0.0	0.0
0.0	0.0
0.0	0.0
0.23	0.75
0.78	2.15
1.38	3.04
1.76	3.19
1.95	3.23
1.92	3.2
1.68	3.09
1.21	2.52
0.67	1.93
0.13	0.34
0.0	0.0
0.0	0.0
0.0	0.0
0.0	0.0
0.0	0.0
0.0	0.0
0.0	0.0
0.0	0.0
0.0	0.0
0.0	0.0
0.0	0.0
0.0	0.0
0.0	0.0
0.0	0.0
0.06	0.05
0.18	0.11
0.2	0.08
0.83	0.42
0.84	0.32
0.81	0.29
1.16	1.22
0.5	0.2
0.4	0.45
0.06	0.05
0.0	0.0
0.0	0.0
0.0	0.0
0.0	0.0
0.0	0.0
0.0	0.0
0.0	0.0
0.0	0.0
0.0	0.0
0.0	0.0
0.0	0.0
0.0	0.0
0.0	0.0
0.0	0.0
0.18	0.41
0.42	0.38
0.53	0.21
0.74	0.28
1.05	0.67
0.97	0.53
0.55	0.18
0.3	0.12
0.47	0.75
0.11	0.21
0.0	0.0
0.0	0.0
0.0	0.0
0.0	0.0
0.0	0.0
0.0	0.0
0.0	0.0
0.0	0.0
0.0	0.0
0.0	0.0
0.0	0.0
0.0	0.0
0.0	0.0
0.0	0.0
0.11	0.1
0.34	0.2
0.62	0.33
0.68	0.21
0.94	0.47
1.31	1.27
0.41	0.13
0.36	0.15
0.2	0.13
0.05	0.04
0.0	0.0
0.0	0.0
0.0	0.0
0.0	0.0
0.0	0.0
0.0	0.0
0.0	0.0
0.0	0.0
0.0	0.0
0.0	0.0
0.0	0.0
0.0	0.0
0.0	0.0
0.0	0.0
0.07	0.06
0.28	0.17
0.24	0.09
0.25	0.08
0.41	0.12
0.45	0.13
0.55	0.18
0.41	0.17
0.27	0.18
0.06	0.05
0.0	0.0
0.0	0.0
0.0	0.0
0.0	0.0
0.0	0.0
0.0	0.0
0.0	0.0
0.0	0.0
0.0	0.0
0.0	0.0
0.0	0.0
0.0	0.0
0.0	0.0
0.0	0.0
0.16	0.31
0.76	2.13
1.25	2.48
1.24	1.39
1.68	2.37
1.36	1.41
1.55	2.57
1.09	1.96
0.58	1.33
0.12	0.27
0.0	0.0
0.0	0.0
0.0	0.0
0.0	0.0
0.0	0.0
0.0	0.0
0.0	0.0
0.0	0.0
0.0	0.0
0.0	0.0
0.0	0.0
0.0	0.0
0.0	0.0
0.0	0.0
0.04	0.04
0.18	0.11
0.42	0.16
0.78	0.35
1.94	3.24
1.29	1.23
1.24	1.47
0.67	0.51
0.33	0.22
0.13	0.33
0.0	0.0
0.0	0.0
0.0	0.0
0.0	0.0
0.0	0.0
0.0	0.0
0.0	0.0
0.0	0.0
0.0	0.0
0.0	0.0
0.0	0.0
0.0	0.0
0.0	0.0
0.0	0.0
0.05	0.04
0.21	0.13
0.51	0.2
0.82	0.42
0.97	0.53
0.99	0.58
0.67	0.21
0.56	0.27
0.54	1.09
0.13	0.33
0.0	0.0
0.0	0.0
0.0	0.0
0.0	0.0
0.0	0.0
0.0	0.0
0.0	0.0
0.0	0.0
0.0	0.0
0.0	0.0
0.0	0.0
0.0	0.0
0.0	0.0
0.0	0.0
0.17	0.39
0.74	2.04
1.26	2.56
1.65	2.87
1.76	2.66
1.84	3.0
1.55	2.58
0.87	1.09
0.37	0.34
0.08	0.07
0.0	0.0
0.0	0.0
0.0	0.0
0.0	0.0
0.0	0.0
0.0	0.0
0.0	0.0
0.0	0.0
0.0	0.0
0.0	0.0
0.0	0.0
0.0	0.0
0.0	0.0
0.0	0.0
0.08	0.07
0.39	0.32
0.87	0.99
1.09	1.0
0.71	0.2
1.82	2.93
1.75	3.27
1.04	1.73
0.17	0.11
0.02	0.02
0.0	0.0
0.0	0.0
0.0	0.0
0.0	0.0
0.0	0.0
0.0	0.0
0.0	0.0
0.0	0.0
0.0	0.0
0.0	0.0
0.0	0.0
0.0	0.0
0.0	0.0
0.0	0.0
0.09	0.08
0.23	0.14
0.71	0.55
1.16	1.18
1.76	2.67
1.74	2.62
0.75	0.33
0.9	1.18
0.82	3.1
0.16	0.54
0.0	0.0
0.0	0.0
0.0	0.0
0.0	0.0
0.0	0.0
0.0	0.0
0.0	0.0
0.0	0.0
0.0	0.0
0.0	0.0
0.0	0.0
0.0	0.0
0.0	0.0
0.0	0.0
0.02	0.02
0.09	0.06
0.19	0.07
0.35	0.11
0.32	0.09
0.42	0.12
0.29	0.09
0.25	0.1
0.14	0.09
0.07	0.06
0.0	0.0
0.0	0.0
0.0	0.0
0.0	0.0
0.0	0.0
0.0	0.0
0.0	0.0
0.0	0.0
0.0	0.0
0.0	0.0
0.0	0.0
0.0	0.0
0.0	0.0
0.0	0.0
0.09	0.08
0.23	0.14
0.34	0.13
0.67	0.21
0.69	0.2
0.62	0.18
0.77	0.36
0.48	0.19
0.39	0.39
0.08	0.07
0.0	0.0
0.0	0.0
0.0	0.0
0.0	0.0
0.0	0.0
0.0	0.0
0.0	0.0
0.0	0.0
0.0	0.0
0.0	0.0
0.0	0.0
0.0	0.0
0.0	0.0
0.0	0.0
0.07	0.06
0.51	0.78
0.55	0.22
1.25	1.44
0.94	0.48
0.81	0.29
0.62	0.2
0.48	0.19
0.18	0.12
0.07	0.06
0.0	0.0
0.0	0.0
0.0	0.0
0.0	0.0
0.0	0.0
0.0	0.0
0.0	0.0
0.0	0.0
0.0	0.0
0.0	0.0
0.0	0.0
0.0	0.0
0.0	0.0
0.0	0.0
0.19	0.57
0.62	1.33
1.31	2.84
1.63	2.8
1.89	3.15
1.83	2.94
1.67	3.04
0.88	1.09
0.3	0.19
0.07	0.06
0.0	0.0
0.0	0.0
0.0	0.0
0.0	0.0
0.0	0.0
0.0	0.0
0.0	0.0
0.0	0.0
0.0	0.0
0.0	0.0
0.0	0.0
0.0	0.0
0.0	0.0
0.0	0.0
0.21	0.75
0.29	0.18
0.81	0.81
1.69	3.05
1.9	3.17
1.9	3.18
1.63	2.86
1.22	2.51
0.67	1.81
0.14	0.33
0.0	0.0
0.0	0.0
0.0	0.0
0.0	0.0
0.0	0.0
0.0	0.0
0.0	0.0
0.0	0.0
0.0	0.0
0.0	0.0
0.0	0.0
0.0	0.0
0.0	0.0
0.0	0.0
0.18	0.5
0.74	2.1
1.25	2.53
1.66	2.91
1.92	3.2
1.95	3.26
1.71	3.17
1.29	2.85
0.74	2.29
0.17	0.55
0.0	0.0
0.0	0.0
0.0	0.0
0.0	0.0
0.0	0.0
0.0	0.0
0.0	0.0
0.0	0.0
0.0	0.0
0.0	0.0
0.0	0.0
0.0	0.0
0.0	0.0
0.0	0.0
0.22	0.84
0.82	2.7
1.38	3.18
1.75	3.21
1.98	3.29
1.96	3.27
1.72	3.18
1.3	2.89
0.75	2.34
0.17	0.53
0.0	0.0
0.0	0.0
0.0	0.0
0.0	0.0
0.0	0.0
0.0	0.0
0.0	0.0
0.0	0.0
0.0	0.0
0.0	0.0
0.0	0.0
0.0	0.0
0.0	0.0
0.0	0.0
0.22	0.84
0.83	2.77
1.4	3.22
1.8	3.3
1.99	3.31
1.95	3.24
1.7	3.12
1.3	2.86
0.73	2.16
0.16	0.44
0.0	0.0
0.0	0.0
0.0	0.0
0.0	0.0
0.0	0.0
0.0	0.0
0.0	0.0
0.0	0.0
0.0	0.0
0.0	0.0
0.0	0.0
0.0	0.0
0.0	0.0
0.0	0.0
0.1	0.09
0.4	0.36
1.1	1.83
1.63	2.77
1.94	3.22
1.93	3.21
1.72	3.16
1.17	2.2
0.74	2.2
0.21	0.86
0.0	0.0
0.0	0.0
0.0	0.0
0.0	0.0
0.0	0.0
0.0	0.0
0.0	0.0
0.0	0.0
0.0	0.0
0.0	0.0
0.0	0.0
0.0	0.0
0.0	0.0
0.0	0.0
0.17	0.42
0.62	1.32
1.33	2.91
1.82	3.33
2.04	3.38
2.08	3.45
1.84	3.38
1.02	1.54
0.55	1.0
0.24	0.99
0.0	0.0
0.0	0.0
0.0	0.0
0.0	0.0
0.0	0.0
0.0	0.0
0.0	0.0
0.0	0.0
0.0	0.0
0.0	0.0
0.0	0.0
0.0	0.0
0.0	0.0
0.0	0.0
0.17	0.42
0.76	2.21
1.38	3.16
1.82	3.32
1.68	2.32
1.21	0.99
1.05	0.89
0.62	0.35
0.41	0.4
0.1	0.09
0.0	0.0
0.0	0.0
0.0	0.0
0.0	0.0
0.0	0.0
0.0	0.0
0.0	0.0
0.0	0.0
0.0	0.0
0.0	0.0
0.0	0.0
0.0	0.0
0.0	0.0
0.0	0.0
0.08	0.07
0.09	0.06
0.36	0.14
1.6	2.61
1.41	1.48
1.96	3.23
1.6	2.63
0.52	0.2
0.26	0.16
0.07	0.06
0.0	0.0
0.0	0.0
0.0	0.0
0.0	0.0
0.0	0.0
0.0	0.0
0.0	0.0
0.0	0.0
0.0	0.0
0.0	0.0
0.0	0.0
0.0	0.0
0.0	0.0
0.0	0.0
0.14	0.23
0.81	2.55
1.34	2.93
1.41	1.9
1.26	1.09
0.37	0.1
0.89	0.53
1.17	2.12
0.39	0.32
0.13	0.2
0.0	0.0
0.0	0.0
0.0	0.0
0.0	0.0
0.0	0.0
0.0	0.0
0.0	0.0
0.0	0.0
0.0	0.0
0.0	0.0
0.0	0.0
0.0	0.0
0.0	0.0
0.0	0.0
0.08	0.07
0.08	0.05
0.35	0.14
0.38	0.12
0.65	0.18
0.58	0.16
0.52	0.16
0.81	0.79
0.34	0.21
0.12	0.14
0.0	0.0
0.0	0.0
0.0	0.0
0.0	0.0
0.0	0.0
0.0	0.0
0.0	0.0
0.0	0.0
0.0	0.0
0.0	0.0
0.0	0.0
0.0	0.0
0.0	0.0
0.0	0.0
0.17	0.4
0.78	2.29
1.03	1.5
0.63	0.19
1.92	3.13
1.98	3.24
1.76	3.18
1.42	3.22
0.81	2.51
0.21	0.71
0.0	0.0
0.0	0.0
0.0	0.0
0.0	0.0
0.0	0.0
0.0	0.0
0.0	0.0
0.0	0.0
0.0	0.0
0.0	0.0
0.0	0.0
0.0	0.0
0.0	0.0
0.0	0.0
0.13	0.17
0.71	1.8
1.4	3.17
1.87	3.37
2.18	3.56
2.01	3.28
1.84	3.31
1.01	1.41
0.7	1.71
0.16	0.33
0.0	0.0
0.0	0.0
0.0	0.0
0.0	0.0
0.0	0.0
0.0	0.0
0.0	0.0
0.0	0.0
0.0	0.0
0.0	0.0
0.0	0.0
0.0	0.0
0.0	0.0
0.0	0.0
0.1	0.09
0.35	0.21
0.72	0.54
1.28	1.44
1.73	2.4
1.09	0.7
0.93	0.58
1.0	1.35
0.43	0.41
0.1	0.09
0.0	0.0
0.0	0.0
0.0	0.0
0.0	0.0
0.0	0.0
0.0	0.0
0.0	0.0
0.0	0.0
0.0	0.0
0.0	0.0
0.0	0.0
0.0	0.0
0.0	0.0
0.0	0.0
0.14	0.21
0.62	1.24
1.32	2.72
1.91	3.43
2.14	3.47
2.07	3.35
1.74	3.05
1.34	2.79
0.83	2.52
0.23	0.81
0.0	0.0
0.0	0.0
0.0	0.0
0.0	0.0
0.0	0.0
0.0	0.0
0.0	0.0
0.0	0.0
0.0	0.0
0.0	0.0
0.0	0.0
0.0	0.0
0.0	0.0
0.0	0.0
0.18	0.44
0.82	2.48
1.43	3.2
1.9	3.4
2.16	3.49
2.17	3.5
1.96	3.49
1.5	3.33
0.89	2.93
0.24	0.88
0.0	0.0
0.0	0.0
0.0	0.0
0.0	0.0
0.0	0.0
0.0	0.0
0.0	0.0
0.0	0.0
0.0	0.0
0.0	0.0
0.0	0.0
0.0	0.0
0.0	0.0
0.0	0.0
0.16	0.3
0.81	2.38
1.43	3.19
1.91	3.4
2.17	3.5
2.15	3.46
1.91	3.39
1.45	3.21
0.86	2.65
0.24	0.85
0.0	0.0
0.0	0.0
0.0	0.0
0.0	0.0
0.0	0.0
0.0	0.0
0.0	0.0
0.0	0.0
0.0	0.0
0.0	0.0
0.0	0.0
0.0	0.0
0.0	0.0
0.0	0.0
0.12	0.11
0.9	3.03
1.43	3.18
1.59	2.41
2.21	3.55
2.13	3.41
1.89	3.34
1.46	3.21
0.84	2.45
0.22	0.65
0.0	0.0
0.0	0.0
0.0	0.0
0.0	0.0
0.0	0.0
0.0	0.0
0.0	0.0
0.0	0.0
0.0	0.0
0.0	0.0
0.0	0.0
0.0	0.0
0.0	0.0
0.0	0.0
0.14	0.18
0.8	2.25
1.4	3.02
1.39	1.71
2.18	3.49
2.02	3.23
1.76	3.01
0.94	1.07
0.28	0.16
0.16	0.25
0.0	0.0
0.0	0.0
0.0	0.0
0.0	0.0
0.0	0.0
0.0	0.0
0.0	0.0
0.0	0.0
0.0	0.0
0.0	0.0
0.0	0.0
0.0	0.0
0.0	0.0
0.0	0.0
0.17	0.33
0.78	2.08
1.4	2.99
1.86	3.28
2.08	3.31
1.62	1.92
1.16	1.03
0.36	0.13
0.49	0.54
0.19	0.4
0.0	0.0
0.0	0.0
0.0	0.0
0.0	0.0
0.0	0.0
0.0	0.0
0.0	0.0
0.0	0.0
0.0	0.0
0.0	0.0
0.0	0.0
0.0	0.0
0.0	0.0
0.0	0.0
0.14	0.17
0.86	2.6
1.44	3.16
1.89	3.31
2.11	3.35
1.61	1.87
1.47	1.89
1.41	2.91
0.7	1.46
0.2	0.44
0.0	0.0
0.0	0.0
0.0	0.0
0.0	0.0
0.0	0.0
0.0	0.0
0.0	0.0
0.0	0.0
0.0	0.0
0.0	0.0
0.0	0.0
0.0	0.0
0.0	0.0
0.0	0.0
0.17	0.31
0.86	2.56
1.48	3.23
1.89	3.3
2.01	3.18
1.17	0.79
0.91	0.49
1.03	1.31
0.91	2.75
0.26	0.87
0.0	0.0
0.0	0.0
0.0	0.0
0.0	0.0
0.0	0.0
0.0	0.0
0.0	0.0
0.0	0.0
0.0	0.0
0.0	0.0
0.0	0.0
0.0	0.0
0.0	0.0
0.0	0.0
0.18	0.35
0.84	2.37
1.44	3.08
1.92	3.34
2.15	3.38
2.09	3.28
1.38	1.57
1.57	3.36
0.71	1.44
0.24	0.68
0.0	0.0
0.0	0.0
0.0	0.0
0.0	0.0
0.0	0.0
0.0	0.0
0.0	0.0
0.0	0.0
0.0	0.0
0.0	0.0
0.0	0.0
0.0	0.0
0.0	0.0
0.0	0.0
0.17	0.29
0.85	2.4
1.43	2.99
1.92	3.32
2.18	3.42
2.17	3.39
1.96	3.36
1.25	2.08
0.73	1.52
0.24	0.66
0.0	0.0
0.0	0.0
0.0	0.0
0.0	0.0
0.0	0.0
0.0	0.0
0.0	0.0
0.0	0.0
0.0	0.0
0.0	0.0
0.0	0.0
0.0	0.0
0.0	0.0
0.0	0.0
0.14	0.14
0.62	1.04
0.75	0.52
0.68	0.2
0.39	0.1
0.58	0.15
0.45	0.13
0.74	0.47
0.36	0.2
0.13	0.11
0.0	0.0
0.0	0.0
0.0	0.0
0.0	0.0
0.0	0.0
0.0	0.0
0.0	0.0
0.0	0.0
0.0	0.0
0.0	0.0
0.0	0.0
0.0	0.0
0.0	0.0
0.0	0.0
0.16	0.21
0.85	2.3
1.48	3.16
1.96	3.36
2.24	3.48
2.27	3.51
2.05	3.48
1.59	3.34
0.97	2.94
0.29	1.01
0.0	0.0
0.0	0.0
0.0	0.0
0.0	0.0
0.0	0.0
0.0	0.0
0.0	0.0
0.0	0.0
0.0	0.0
0.0	0.0
0.0	0.0
0.0	0.0
0.0	0.0
0.0	0.0
0.16	0.2
0.9	2.6
1.54	3.27
2.03	3.46
2.31	3.57
2.31	3.56
2.07	3.5
1.61	3.36
0.96	2.81
0.24	0.59
0.0	0.0
0.0	0.0
0.0	0.0
0.0	0.0
0.0	0.0
0.0	0.0
0.0	0.0
0.0	0.0
0.0	0.0
0.0	0.0
0.0	0.0
0.0	0.0
0.0	0.0
0.0	0.0
0.15	0.15
0.55	0.69
0.87	0.77
1.05	0.71
1.16	0.71
0.85	0.25
0.92	0.46
0.73	0.43
0.49	0.43
0.13	0.11
0.0	0.0
0.0	0.0
0.0	0.0
0.0	0.0
0.0	0.0
0.0	0.0
0.0	0.0
0.0	0.0
0.0	0.0
0.0	0.0
0.0	0.0
0.0	0.0
0.0	0.0
0.0	0.0
0.07	0.06
0.49	0.47
1.19	1.77
1.46	1.71
2.0	2.93
2.11	3.22
1.14	0.86
1.14	1.52
0.9	2.3
0.18	0.22
0.0	0.0
0.0	0.0
0.0	0.0
0.0	0.0
0.0	0.0
0.0	0.0
0.0	0.0
0.0	0.0
0.0	0.0
0.0	0.0
0.0	0.0
0.0	0.0
0.0	0.0
0.0	0.0
0.14	0.12
0.46	0.37
1.11	1.45
1.88	3.15
1.89	2.52
1.25	0.85
1.62	2.15
1.64	3.36
0.97	2.7
0.29	0.88
0.0	0.0
0.0	0.0
0.0	0.0
0.0	0.0
0.0	0.0
0.0	0.0
0.0	0.0
0.0	0.0
0.0	0.0
0.0	0.0
0.0	0.0
0.0	0.0
0.0	0.0
0.0	0.0
0.15	0.13
0.78	1.66
0.88	0.75
1.58	2.03
1.69	1.89
2.11	3.19
1.62	2.12
0.71	0.36
0.78	1.53
0.21	0.33
0.0	0.0
0.0	0.0
0.0	0.0
0.0	0.0
0.0	0.0
0.0	0.0
0.0	0.0
0.0	0.0
0.0	0.0
0.0	0.0
0.0	0.0
0.0	0.0
0.0	0.0
0.0	0.0
0.16	0.15
0.87	2.14
1.53	3.12
2.05	3.4
2.3	3.46
2.28	3.42
1.91	3.11
1.41	2.46
0.62	0.8
0.18	0.18
0.0	0.0
0.0	0.0
0.0	0.0
0.0	0.0
0.0	0.0
0.0	0.0
0.0	0.0
0.0	0.0
0.0	0.0
0.0	0.0
0.0	0.0
0.0	0.0
0.0	0.0
0.0	0.0
0.03	0.03
0.09	0.05
0.13	0.05
0.21	0.06
0.43	0.11
0.28	0.07
0.63	0.18
1.56	3.09
0.74	1.27
0.32	1.03
0.0	0.0
0.0	0.0
0.0	0.0
0.0	0.0
0.0	0.0
0.0	0.0
0.0	0.0
0.0	0.0
0.0	0.0
0.0	0.0
0.0	0.0
0.0	0.0
0.0	0.0
0.0	0.0
0.15	0.13
0.94	2.46
1.34	2.18
2.01	3.3
2.28	3.4
2.32	3.45
2.01	3.27
1.16	1.45
0.67	0.94
0.26	0.56
0.0	0.0
0.0	0.0
0.0	0.0
0.0	0.0
0.0	0.0
0.0	0.0
0.0	0.0
0.0	0.0
0.0	0.0
0.0	0.0
0.0	0.0
0.0	0.0
0.0	0.0
0.0	0.0
0.14	0.12
0.95	2.47
1.59	3.2
2.07	3.37
2.35	3.48
1.89	2.34
2.16	3.49
1.13	1.33
0.38	0.19
0.26	0.54
0.0	0.0
0.0	0.0
0.0	0.0
0.0	0.0
0.0	0.0
0.0	0.0
0.0	0.0
0.0	0.0
0.0	0.0
0.0	0.0
0.0	0.0
0.0	0.0
0.0	0.0
0.0	0.0
0.17	0.15
0.9	2.1
1.24	1.73
1.84	2.74
1.87	2.26
1.92	2.4
1.5	1.62
1.55	2.9
0.87	1.79
0.27	0.58
0.0	0.0
0.0	0.0
0.0	0.0
0.0	0.0
0.0	0.0
0.0	0.0
0.0	0.0
0.0	0.0
0.0	0.0
0.0	0.0
0.0	0.0
0.0	0.0
0.0	0.0
0.0	0.0
0.34	1.19
0.58	0.62
1.22	1.63
1.91	2.95
2.22	3.25
2.12	3.01
1.57	1.79
1.46	2.46
0.55	0.48
0.38	1.41
0.0	0.0
0.0	0.0
0.0	0.0
0.0	0.0
0.0	0.0
0.0	0.0
0.0	0.0
0.0	0.0
0.0	0.0
0.0	0.0
0.0	0.0
0.0	0.0
0.0	0.0
0.0	0.0
0.09	0.08
0.68	0.95
1.14	1.34
1.73	2.29
2.14	3.05
2.41	3.5
2.19	3.48
1.11	1.2
0.82	1.47
0.25	0.42
0.0	0.0
0.0	0.0
0.0	0.0
0.0	0.0
0.0	0.0
0.0	0.0
0.0	0.0
0.0	0.0
0.0	0.0
0.0	0.0
0.0	0.0
0.0	0.0
0.0	0.0
0.0	0.0
0.07	0.06
0.47	0.28
1.28	1.77
1.47	1.49
1.31	0.85
2.05	2.7
2.07	3.27
0.8	0.45
0.48	0.28
0.4	1.5
0.0	0.0
0.0	0.0
0.0	0.0
0.0	0.0
0.0	0.0
0.0	0.0
0.0	0.0
0.0	0.0
0.0	0.0
0.0	0.0
0.0	0.0
0.0	0.0
0.0	0.0
0.0	0.0
0.38	1.41
1.04	2.7
1.63	3.15
2.0	3.15
2.13	2.93
2.07	2.72
2.1	3.29
1.65	3.14
0.84	1.49
0.38	1.29
0.0	0.0
0.0	0.0
0.0	0.0
0.0	0.0
0.0	0.0
0.0	0.0
0.0	0.0
0.0	0.0
0.0	0.0
0.0	0.0
0.0	0.0
0.0	0.0
0.0	0.0
0.0	0.0
0.37	1.27
1.06	2.75
1.65	3.18
1.9	2.74
2.11	2.82
2.16	2.97
1.53	1.57
1.34	1.86
0.98	2.15
0.25	0.37
0.0	0.0
0.0	0.0
0.0	0.0
0.0	0.0
0.0	0.0
0.0	0.0
0.0	0.0
0.0	0.0
0.0	0.0
0.0	0.0
0.0	0.0
0.0	0.0
0.0	0.0
0.0	0.0
0.03	0.03
0.54	0.41
1.65	3.12
2.15	3.35
2.37	3.37
0.85	0.21
1.0	0.46
1.54	2.57
0.88	1.6
0.25	0.36
0.0	0.0
0.0	0.0
0.0	0.0
0.0	0.0
0.0	0.0
0.0	0.0
0.0	0.0
0.0	0.0
0.0	0.0
0.0	0.0
0.0	0.0
0.0	0.0
0.0	0.0
0.0	0.0
0.45	1.52
1.16	3.2
1.77	3.35
2.18	3.38
2.36	3.34
2.38	3.36
2.14	3.3
1.68	3.12
1.1	2.73
0.4	1.35
0.0	0.0
0.0	0.0
0.0	0.0
0.0	0.0
0.0	0.0
0.0	0.0
0.0	0.0
0.0	0.0
0.0	0.0
0.0	0.0
0.0	0.0
0.0	0.0
0.0	0.0
0.0	0.0
0.49	1.55
1.17	3.19
1.77	3.33
2.19	3.37
2.39	3.36
2.37	3.33
2.12	3.25
1.67	3.03
1.09	2.61
0.41	1.4
0.0	0.0
0.0	0.0
0.0	0.0
0.0	0.0
0.0	0.0
0.0	0.0
0.0	0.0
0.0	0.0
0.0	0.0
0.0	0.0
0.0	0.0
0.0	0.0
0.0	0.0
0.0	0.0
0.5	1.57
1.2	3.24
1.81	3.37
2.23	3.41
2.41	3.37
2.37	3.31
2.12	3.23
1.25	1.44
1.04	2.27
0.42	1.44
0.0	0.0
0.0	0.0
0.0	0.0
0.0	0.0
0.0	0.0
0.0	0.0
0.0	0.0
0.0	0.0
0.0	0.0
0.0	0.0
0.0	0.0
0.0	0.0
0.0	0.0
0.0	0.0
0.36	0.97
1.03	2.23
1.82	3.37
2.22	3.37
2.45	3.4
2.24	3.02
1.78	2.13
1.6	2.64
1.12	2.67
0.43	1.49
0.0	0.0
0.0	0.0
0.0	0.0
0.0	0.0
0.0	0.0
0.0	0.0
0.0	0.0
0.0	0.0
0.0	0.0
0.0	0.0
0.0	0.0
0.0	0.0
0.0	0.0
0.0	0.0
0.52	1.63
1.27	3.35
1.88	3.45
2.3	3.47
1.93	2.07
1.65	1.38
2.24	3.37
1.77	3.23
1.18	2.96
0.47	1.66
0.0	0.0
0.0	0.0
0.0	0.0
0.0	0.0
0.0	0.0
0.0	0.0
0.0	0.0
0.0	0.0
0.0	0.0
0.0	0.0
0.0	0.0
0.0	0.0
0.0	0.0
0.0	0.0
0.53	1.65
1.24	3.23
1.85	3.36
2.28	3.42
2.48	3.4
2.47	3.39
2.23	3.33
1.79	3.24
1.17	2.83
0.47	1.68
0.0	0.0
0.0	0.0
0.0	0.0
0.0	0.0
0.0	0.0
0.0	0.0
0.0	0.0
0.0	0.0
0.0	0.0
0.0	0.0
0.0	0.0
0.0	0.0
0.0	0.0
0.0	0.0
0.57	1.68
1.2	2.96
1.82	3.28
2.08	2.98
2.41	3.29
2.49	3.39
2.24	3.33
1.78	3.2
1.17	2.77
0.46	1.64
0.0	0.0
0.0	0.0
0.0	0.0
0.0	0.0
0.0	0.0
0.0	0.0
0.0	0.0
0.0	0.0
0.0	0.0
0.0	0.0
0.0	0.0
0.0	0.0
0.0	0.0
0.0	0.0
0.18	0.16
0.73	0.79
1.43	1.86
2.27	3.35
1.9	1.9
2.02	2.21
1.31	0.89
1.68	2.77
1.1	2.34
0.42	1.26
0.0	0.0
0.0	0.0
0.0	0.0
0.0	0.0
0.0	0.0
0.0	0.0
0.0	0.0
0.0	0.0
0.0	0.0
0.0	0.0
0.0	0.0
0.0	0.0
0.0	0.0
0.0	0.0
0.21	0.18
0.67	0.59
1.04	0.77
1.1	0.51
0.98	0.25
1.22	0.55
0.52	0.13
0.18	0.05
0.27	0.12
0.1	0.09
0.0	0.0
0.0	0.0
0.0	0.0
0.0	0.0
0.0	0.0
0.0	0.0
0.0	0.0
0.0	0.0
0.0	0.0
0.0	0.0
0.0	0.0
0.0	0.0
0.0	0.0
0.0	0.0
0.11	0.1
0.24	0.1
0.27	0.08
0.44	0.11
0.37	0.08
0.41	0.09
0.31	0.08
0.24	0.07
0.21	0.09
0.15	0.13
0.0	0.0
0.0	0.0
0.0	0.0
0.0	0.0
0.0	0.0
0.0	0.0
0.0	0.0
0.0	0.0
0.0	0.0
0.0	0.0
0.0	0.0
0.0	0.0
0.0	0.0
0.0	0.0
0.27	0.26
0.59	0.36
1.5	1.97
1.73	1.76
1.6	1.15
2.23	2.69
1.65	1.57
1.46	1.86
1.02	1.81
0.23	0.2
0.0	0.0
0.0	0.0
0.0	0.0
0.0	0.0
0.0	0.0
0.0	0.0
0.0	0.0
0.0	0.0
0.0	0.0
0.0	0.0
0.0	0.0
0.0	0.0
0.0	0.0
0.0	0.0
0.36	0.64
0.51	0.21
0.75	0.23
1.05	0.41
0.84	0.19
1.77	1.49
2.37	3.41
1.78	2.98
0.78	0.86
0.48	1.55
0.0	0.0
0.0	0.0
0.0	0.0
0.0	0.0
0.0	0.0
0.0	0.0
0.0	0.0
0.0	0.0
0.0	0.0
0.0	0.0
0.0	0.0
0.0	0.0
0.0	0.0
0.0	0.0
0.44	1.07
0.71	0.61
1.25	1.17
1.35	0.87
2.4	3.1
2.46	3.24
1.91	2.2
1.23	1.15
0.74	0.72
0.45	1.26
0.0	0.0
0.0	0.0
0.0	0.0
0.0	0.0
0.0	0.0
0.0	0.0
0.0	0.0
0.0	0.0
0.0	0.0
0.0	0.0
0.0	0.0
0.0	0.0
0.0	0.0
0.0	0.0
0.65	1.87
1.41	3.35
2.01	3.42
2.43	3.44
2.46	3.21
1.67	1.23
0.86	0.21
0.87	0.4
0.8	0.88
0.46	1.28
0.0	0.0
0.0	0.0
0.0	0.0
0.0	0.0
0.0	0.0
0.0	0.0
0.0	0.0
0.0	0.0
0.0	0.0
0.0	0.0
0.0	0.0
0.0	0.0
0.0	0.0
0.01	0.01
0.62	1.9
1.36	3.18
1.94	3.27
2.07	2.56
1.5	0.9
2.44	3.15
2.26	3.2
1.71	2.57
1.21	2.54
0.5	1.54
0.0	0.0
0.0	0.0
0.0	0.0
0.0	0.0
0.0	0.0
0.0	0.0
0.0	0.0
0.0	0.0
0.0	0.0
0.0	0.0
0.0	0.0
0.0	0.0
0.0	0.0
0.03	0.03
0.7	1.92
1.38	3.2
1.98	3.31
2.45	3.42
2.6	3.35
2.55	3.29
2.25	3.13
1.78	2.79
1.27	2.8
0.52	1.64
0.0	0.0
0.0	0.0
0.0	0.0
0.0	0.0
0.0	0.0
0.0	0.0
0.0	0.0
0.0	0.0
0.0	0.0
0.0	0.0
0.0	0.0
0.0	0.0
0.0	0.0
0.04	0.21
0.61	1.95
1.32	2.79
1.9	3.08
2.21	2.9
2.56	3.28
2.48	3.18
2.11	2.65
1.73	2.56
1.18	2.29
0.51	1.5
0.0	0.0
0.0	0.0
0.0	0.0
0.0	0.0
0.0	0.0
0.0	0.0
0.0	0.0
0.0	0.0
0.0	0.0
0.0	0.0
0.0	0.0
0.0	0.0
0.0	0.0
0.03	0.15
0.36	0.42
0.79	0.7
1.05	0.63
1.3	0.7
1.44	0.75
1.44	0.76
1.34	0.79
1.13	0.83
1.05	1.67
0.53	1.6
0.0	0.0
0.0	0.0
0.0	0.0
0.0	0.0
0.0	0.0
0.0	0.0
0.0	0.0
0.0	0.0
0.0	0.0
0.0	0.0
0.0	0.0
0.0	0.0
0.0	0.0
0.09	0.46
0.6	1.7
0.88	0.92
1.79	2.56
2.31	3.11
2.57	3.25
1.89	1.57
1.1	0.42
0.9	0.4
1.1	1.85
0.29	0.24
0.0	0.0
0.0	0.0
0.0	0.0
0.0	0.0
0.0	0.0
0.0	0.0
0.0	0.0
0.0	0.0
0.0	0.0
0.0	0.0
0.0	0.0
0.0	0.0
0.0	0.0
0.04	0.11
0.31	0.22
0.82	0.72
1.12	0.72
1.75	1.53
2.18	2.2
1.82	1.4
1.71	1.49
1.45	1.57
0.59	0.28
0.63	1.93
0.01	0.01
0.0	0.0
0.0	0.0
0.0	0.0
0.0	0.0
0.0	0.0
0.0	0.0
0.0	0.0
0.0	0.0
0.0	0.0
0.0	0.0
0.0	0.0
0.0	0.0
0.08	0.41
0.5	0.93
0.84	0.75
1.48	1.52
2.44	3.29
2.09	1.95
2.63	3.3
2.38	3.25
1.91	3.05
1.23	2.34
0.55	1.58
0.03	0.03
0.0	0.0
0.0	0.0
0.0	0.0
0.0	0.0
0.0	0.0
0.0	0.0
0.0	0.0
0.0	0.0
0.0	0.0
0.0	0.0
0.0	0.0
0.0	0.0
0.08	0.33
0.65	1.78
1.31	2.37
1.06	0.58
1.05	0.32
1.65	1.03
1.32	0.54
1.07	0.36
0.89	0.36
0.35	0.14
0.2	0.15
0.02	0.02
0.0	0.0
0.0	0.0
0.0	0.0
0.0	0.0
0.0	0.0
0.0	0.0
0.0	0.0
0.0	0.0
0.0	0.0
0.0	0.0
0.0	0.0
0.0	0.0
0.04	0.04
0.1	0.07
0.29	0.11
0.4	0.11
0.99	0.25
1.44	0.69
2.67	3.31
1.67	1.34
0.95	0.44
1.26	2.39
0.64	2.16
0.05	0.26
0.0	0.0
0.0	0.0
0.0	0.0
0.0	0.0
0.0	0.0
0.0	0.0
0.0	0.0
0.0	0.0
0.0	0.0
0.0	0.0
0.0	0.0
0.0	0.0
0.02	0.02
0.23	0.15
0.89	0.8
1.17	0.74
1.56	1.05
1.07	0.24
0.88	0.19
0.48	0.11
0.24	0.07
0.21	0.08
0.11	0.08
0.03	0.15
0.0	0.0
0.0	0.0
0.0	0.0
0.0	0.0
0.0	0.0
0.0	0.0
0.0	0.0
0.0	0.0
0.0	0.0
0.0	0.0
0.0	0.0
0.0	0.0
0.06	0.06
0.79	2.48
1.54	3.22
2.14	3.32
2.56	3.36
2.72	3.32
2.66	3.26
2.41	3.22
1.98	3.13
1.35	2.72
0.61	1.8
0.06	0.31
0.0	0.0
0.0	0.0
0.0	0.0
0.0	0.0
0.0	0.0
0.0	0.0
0.0	0.0
0.0	0.0
0.0	0.0
0.0	0.0
0.0	0.0
0.0	0.0
0.11	0.32
0.79	2.36
1.12	1.41
1.82	2.3
2.29	2.7
2.33	2.36
2.68	3.27
2.38	3.1
1.63	1.91
1.62	3.55
0.54	1.27
0.07	0.36
0.0	0.0
0.0	0.0
0.0	0.0
0.0	0.0
0.0	0.0
0.0	0.0
0.0	0.0
0.0	0.0
0.0	0.0
0.0	0.0
0.0	0.0
0.0	0.0
0.04	0.04
0.4	0.31
1.22	1.71
1.83	2.28
2.27	2.6
2.5	2.76
2.48	2.75
2.23	2.62
1.77	2.31
1.15	1.76
0.49	0.94
0.05	0.26
0.0	0.0
0.0	0.0
0.0	0.0
0.0	0.0
0.0	0.0
0.0	0.0
0.0	0.0
0.0	0.0
0.0	0.0
0.0	0.0
0.0	0.0
0.0	0.0
0.28	0.91
0.7	1.56
1.48	2.68
2.26	3.42
2.6	3.35
2.05	1.66
2.66	3.21
2.42	3.14
1.87	2.6
1.22	2.0
0.51	1.01
0.05	0.26
0.0	0.0
0.0	0.0
0.0	0.0
0.0	0.0
0.0	0.0
0.0	0.0
0.0	0.0
0.0	0.0
0.0	0.0
0.0	0.0
0.0	0.0
0.0	0.0
0.04	0.04
0.69	1.44
1.43	2.41
2.03	2.82
2.3	2.59
2.13	1.8
1.84	1.26
2.07	2.12
1.38	1.18
0.71	0.42
0.18	0.12
0.02	0.02
0.0	0.0
0.0	0.0
0.0	0.0
0.0	0.0
0.0	0.0
0.0	0.0
0.0	0.0
0.0	0.0
0.0	0.0
0.0	0.0
0.0	0.0
0.0	0.0
0.06	0.05
0.18	0.1
0.47	0.16
0.87	0.22
1.79	1.35
1.55	0.75
1.66	0.93
2.01	1.94
1.59	1.69
1.43	2.85
0.61	1.53
0.06	0.27
0.0	0.0
0.0	0.0
0.0	0.0
0.0	0.0
0.0	0.0
0.0	0.0
0.0	0.0
0.0	0.0
0.0	0.0
0.0	0.0
0.0	0.0
0.0	0.0
0.09	0.08
0.75	1.63
1.48	2.48
2.09	2.9
2.54	3.18
2.78	3.27
2.69	3.17
2.4	2.96
1.87	2.49
1.34	2.39
0.56	1.19
0.04	0.07
0.0	0.0
0.0	0.0
0.0	0.0
0.0	0.0
0.0	0.0
0.0	0.0
0.0	0.0
0.0	0.0
0.0	0.0
0.0	0.0
0.0	0.0
0.0	0.0
0.11	0.11
0.79	1.77
1.12	1.18
1.82	2.03
2.29	2.44
2.33	2.16
2.68	3.1
2.38	2.86
1.63	1.74
1.62	3.4
1.0	3.8
0.12	0.62
0.0	0.0
0.0	0.0
0.0	0.0
0.0	0.0
0.0	0.0
0.0	0.0
0.0	0.0
0.0	0.0
0.0	0.0
0.0	0.0
0.0	0.0
0.0	0.0
0.35	1.03
0.8	1.74
1.58	2.77
2.32	3.37
2.55	3.11
2.53	2.6
1.97	1.42
2.29	2.57
1.7	1.91
1.13	1.5
0.24	0.15
0.02	0.02
0.0	0.0
0.0	0.0
0.0	0.0
0.0	0.0
0.0	0.0
0.0	0.0
0.0	0.0
0.0	0.0
0.0	0.0
0.0	0.0
0.0	0.0
0.0	0.0
0.13	0.14
0.78	1.56
1.39	1.95
1.95	2.31
2.57	3.12
2.62	2.79
2.51	2.57
2.86	3.64
1.95	2.64
1.1	1.37
0.39	0.36
0.05	0.08
0.0	0.0
0.0	0.0
0.0	0.0
0.0	0.0
0.0	0.0
0.0	0.0
0.0	0.0
0.0	0.0
0.0	0.0
0.0	0.0
0.0	0.0
0.0	0.0
0.04	0.04
0.32	0.17
1.15	1.16
1.64	1.46
2.22	2.15
1.88	1.18
2.76	3.19
2.45	2.95
1.96	2.64
1.32	2.15
0.61	1.32
0.08	0.26
0.0	0.0
0.0	0.0
0.0	0.0
0.0	0.0
0.0	0.0
0.0	0.0
0.0	0.0
0.0	0.0
0.0	0.0
0.0	0.0
0.0	0.0
0.0	0.0
0.04	0.04
0.32	0.16
1.15	1.13
1.64	1.43
2.22	2.11
1.88	1.17
2.76	3.15
2.45	2.91
1.96	2.6
1.32	2.11
0.61	1.28
0.08	0.23
0.0	0.0
0.0	0.0
0.0	0.0
0.0	0.0
0.0	0.0
0.0	0.0
0.0	0.0
0.0	0.0
0.0	0.0
0.0	0.0
0.0	0.0
0.0	0.0
0.03	0.03
0.22	0.11
0.89	0.51
1.56	1.22
1.91	1.42
2.28	1.9
1.87	1.16
1.18	0.37
0.77	0.2
0.83	0.58
0.31	0.19
0.04	0.04
0.0	0.0
0.0	0.0
0.0	0.0
0.0	0.0
0.0	0.0
0.0	0.0
0.0	0.0
0.0	0.0
0.0	0.0
0.0	0.0
0.0	0.0
0.0	0.0
0.28	0.92
1.28	3.71
2.09	3.8
2.26	3.06
2.6	3.01
2.05	1.42
2.66	2.81
2.42	2.75
1.87	2.26
1.22	1.67
0.51	0.73
0.05	0.04
0.0	0.0
0.0	0.0
0.0	0.0
0.0	0.0
0.0	0.0
0.0	0.0
0.0	0.0
0.0	0.0
0.0	0.0
0.0	0.0
0.0	0.0
0.0	0.0
0.2	0.32
1.14	3.24
1.2	1.16
1.92	2.01
1.02	0.21
0.91	0.18
1.39	0.47
1.06	0.24
0.62	0.16
0.31	0.11
0.12	0.07
0.02	0.02
0.0	0.0
0.0	0.0
0.0	0.0
0.0	0.0
0.0	0.0
0.0	0.0
0.0	0.0
0.0	0.0
0.0	0.0
0.0	0.0
0.0	0.0
0.0	0.0
0.28	0.79
1.28	3.59
2.09	3.72
2.26	2.95
2.6	2.92
2.05	1.38
2.66	2.74
2.42	2.69
1.87	2.19
1.22	1.61
0.51	0.69
0.05	0.04
0.0	0.0
0.0	0.0
0.0	0.0
0.0	0.0
0.0	0.0
0.0	0.0
0.0	0.0
0.0	0.0
0.0	0.0
0.0	0.0
0.0	0.0
0.0	0.0
0.05	0.04
0.46	0.22
1.28	1.31
1.86	1.79
2.3	2.13
2.56	2.4
2.56	2.47
2.31	2.37
1.85	2.11
1.22	1.59
0.5	0.63
0.06	0.05
0.0	0.0
0.0	0.0
0.0	0.0
0.0	0.0
0.0	0.0
0.0	0.0
0.0	0.0
0.0	0.0
0.0	0.0
0.0	0.0
0.0	0.0
0.0	0.0
0.43	1.3
1.22	3.32
1.99	3.48
2.39	3.25
2.9	3.42
2.65	2.57
2.96	3.32
2.95	3.61
2.65	3.86
1.76	3.46
0.3	0.17
0.06	0.05
0.0	0.0
0.0	0.0
0.0	0.0
0.0	0.0
0.0	0.0
0.0	0.0
0.0	0.0
0.0	0.0
0.0	0.0
0.0	0.0
0.0	0.0
0.0	0.0
0.04	0.04
0.36	0.17
1.19	1.02
1.3	0.64
1.69	0.92
2.45	2.09
2.48	2.23
2.42	2.59
1.67	1.58
1.17	1.37
0.48	0.52
0.05	0.04
0.0	0.0
0.0	0.0
0.0	0.0
0.0	0.0
0.0	0.0
0.0	0.0
0.0	0.0
0.0	0.0
0.0	0.0
0.0	0.0
0.0	0.0
0.0	0.0
0.04	0.04
0.28	0.13
1.09	0.77
1.69	1.32
2.12	1.66
2.35	1.86
2.36	1.94
2.13	1.86
1.69	1.61
1.08	1.09
0.44	0.37
0.04	0.04
0.0	0.0
0.0	0.0
0.0	0.0
0.0	0.0
0.0	0.0
0.0	0.0
0.0	0.0
0.0	0.0
0.0	0.0
0.0	0.0
0.0	0.0
0.0	0.0
0.03	0.03
0.13	0.06
0.34	0.1
0.38	0.09
0.5	0.1
0.68	0.13
0.53	0.1
0.54	0.11
0.36	0.09
0.17	0.06
0.07	0.04
0.02	0.02
0.0	0.0
0.0	0.0
0.0	0.0
0.0	0.0
0.0	0.0
0.0	0.0
0.0	0.0
0.0	0.0
0.0	0.0
0.0	0.0
0.0	0.0
0.0	0.0
0.04	0.04
0.26	0.11
0.9	0.39
1.22	0.49
1.77	0.99
2.24	1.6
1.33	0.36
1.84	1.24
0.36	0.09
0.94	0.71
0.4	0.24
0.04	0.04
0.0	0.0
0.0	0.0
0.0	0.0
0.0	0.0
0.0	0.0
0.0	0.0
0.0	0.0
0.0	0.0
0.0	0.0
0.0	0.0
0.0	0.0
0.0	0.0
0.03	0.03
0.17	0.07
0.83	0.28
1.06	0.29
2.02	1.4
1.89	1.0
1.72	0.8
1.22	0.35
0.94	0.25
0.4	0.13
0.16	0.09
0.02	0.02
0.0	0.0
0.0	0.0
0.0	0.0
0.0	0.0
0.0	0.0
0.0	0.0
0.0	0.0
0.0	0.0
0.0	0.0
0.0	0.0
0.0	0.0
0.0	0.0
0.28	0.43
1.11	2.17
1.61	1.99
2.17	2.32
2.54	2.46
2.45	1.96
1.94	1.11
2.32	2.2
0.51	0.12
0.19	0.06
0.05	0.03
0.03	0.03
0.0	0.0
0.0	0.0
0.0	0.0
0.0	0.0
0.0	0.0
0.0	0.0
0.0	0.0
0.0	0.0
0.0	0.0
0.0	0.0
0.0	0.0
0.0	0.0
0.4	1.16
1.03	1.74
1.85	2.73
2.43	3.0
2.91	3.3
3.11	3.34
3.07	3.34
2.76	3.27
2.19	2.88
1.79	3.38
0.65	1.06
0.12	0.2
0.0	0.0
0.0	0.0
0.0	0.0
0.0	0.0
0.0	0.0
0.0	0.0
0.0	0.0
0.0	0.0
0.0	0.0
0.0	0.0
0.0	0.0
0.0	0.0
0.4	1.1
1.12	2.07
1.83	2.61
2.47	3.07
2.91	3.28
3.11	3.32
3.05	3.3
2.76	3.26
2.24	3.0
1.56	2.55
0.78	1.67
0.14	0.3
0.0	0.0
0.0	0.0
0.0	0.0
0.0	0.0
0.0	0.0
0.0	0.0
0.0	0.0
0.0	0.0
0.0	0.0
0.0	0.0
0.0	0.0
0.0	0.0
0.34	0.65
1.0	1.5
1.11	0.67
2.07	1.96
2.95	3.31
2.02	1.14
0.93	0.17
1.34	0.46
0.81	0.19
0.32	0.1
0.17	0.09
0.04	0.04
0.0	0.0
0.0	0.0
0.0	0.0
0.0	0.0
0.0	0.0
0.0	0.0
0.0	0.0
0.0	0.0
0.0	0.0
0.0	0.0
0.0	0.0
0.0	0.0
0.43	1.2
1.22	2.4
1.99	3.06
2.39	2.75
2.9	3.21
2.65	2.27
2.96	3.09
2.95	3.45
2.65	3.68
1.76	3.26
0.3	0.16
0.06	0.05
0.0	0.0
0.0	0.0
0.0	0.0
0.0	0.0
0.0	0.0
0.0	0.0
0.0	0.0
0.0	0.0
0.0	0.0
0.0	0.0
0.0	0.0
0.0	0.0
0.47	1.43
1.23	2.37
1.95	2.85
2.54	3.13
2.93	3.25
3.1	3.27
3.07	3.28
2.76	3.18
2.23	2.87
1.56	2.44
0.79	1.61
0.16	0.35
0.0	0.0
0.0	0.0
0.0	0.0
0.0	0.0
0.0	0.0
0.0	0.0
0.0	0.0
0.0	0.0
0.0	0.0
0.0	0.0
0.0	0.0
0.0	0.0
0.45	1.19
1.18	2.07
1.91	2.66
2.48	2.91
2.87	3.05
3.03	3.07
3.04	3.22
2.76	3.15
2.23	2.84
1.57	2.44
0.81	1.67
0.17	0.39
0.0	0.0
0.0	0.0
0.0	0.0
0.0	0.0
0.0	0.0
0.0	0.0
0.0	0.0
0.0	0.0
0.0	0.0
0.0	0.0
0.0	0.0
0.0	0.0
0.47	1.24
1.23	2.23
1.96	2.78
2.57	3.12
2.99	3.29
3.15	3.29
3.1	3.29
2.81	3.25
2.29	2.99
1.61	2.56
0.82	1.69
0.17	0.37
0.0	0.0
0.0	0.0
0.0	0.0
0.0	0.0
0.0	0.0
0.0	0.0
0.0	0.0
0.0	0.0
0.0	0.0
0.0	0.0
0.0	0.0
0.0	0.0
0.58	0.74
1.43	1.78
2.23	2.7
2.88	3.43
3.3	3.85
3.46	3.94
3.38	3.75
3.08	3.26
2.51	2.5
1.77	1.6
0.99	0.7
0.26	0.11
0.0	0.0
0.0	0.0
0.0	0.0
0.0	0.0
0.0	0.0
0.0	0.0
0.0	0.0
0.0	0.0
0.0	0.0
0.0	0.0
0.0	0.0
0.0	0.0
0.57	0.69
1.35	1.65
2.11	2.54
2.74	3.24
3.2	3.72
3.34	3.76
3.35	3.71
3.04	3.21
2.49	2.47
1.77	1.6
0.99	0.7
0.26	0.12
0.0	0.0
0.0	0.0
0.0	0.0
0.0	0.0
0.0	0.0
0.0	0.0
0.0	0.0
0.0	0.0
0.0	0.0
0.0	0.0
0.0	0.0
0.0	0.0
0.64	0.81
1.49	1.85
2.31	2.77
2.95	3.49
3.4	3.93
3.56	4.05
3.46	3.79
3.14	3.29
2.58	2.52
1.82	1.59
0.94	0.7
0.17	0.11
0.0	0.0
0.0	0.0
0.0	0.0
0.0	0.0
0.0	0.0
0.0	0.0
0.0	0.0
0.0	0.0
0.0	0.0
0.0	0.0
0.0	0.0
0.01	0.0
0.08	0.06
0.3	0.24
0.76	0.62
0.82	0.71
0.79	0.67
1.76	1.61
2.44	2.49
2.25	2.24
0.67	0.58
0.3	0.23
0.15	0.1
0.12	0.08
0.0	0.0
0.0	0.0
0.0	0.0
0.0	0.0
0.0	0.0
0.0	0.0
0.0	0.0
0.0	0.0
0.0	0.0
0.0	0.0
0.0	0.0
0.03	0.0
0.26	0.22
0.8	0.8
2.02	2.23
2.6	2.9
2.08	2.13
1.82	1.79
2.53	2.75
3.06	3.18
2.29	2.22
1.83	1.61
0.89	0.65
0.16	0.11
0.0	0.0
0.0	0.0
0.0	0.0
0.0	0.0
0.0	0.0
0.0	0.0
0.0	0.0
0.0	0.0
0.0	0.0
0.0	0.0
0.0	0.0
0.03	0.0
0.14	0.11
0.37	0.31
0.72	0.6
0.67	0.58
0.61	0.53
0.9	0.74
2.05	2.08
3.18	3.32
2.34	2.25
1.76	1.54
0.92	0.62
0.24	0.11
0.0	0.0
0.0	0.0
0.0	0.0
0.0	0.0
0.0	0.0
0.0	0.0
0.0	0.0
0.0	0.0
0.0	0.0
0.0	0.0
0.0	0.0
0.08	0.0
0.69	0.74
1.27	1.37
2.2	2.53
2.36	2.63
2.6	2.83
3.29	3.64
3.41	3.68
3.06	3.16
2.5	2.4
1.76	1.52
0.97	0.65
0.26	0.12
0.0	0.0
0.0	0.0
0.0	0.0
0.0	0.0
0.0	0.0
0.0	0.0
0.0	0.0
0.0	0.0
0.0	0.0
0.0	0.0
0.0	0.0
0.1	0.0
0.65	0.7
1.41	1.65
2.23	2.59
2.86	3.27
3.35	3.73
3.52	3.85
3.32	3.53
3.07	3.13
2.41	2.28
1.23	1.02
0.55	0.4
0.17	0.1
0.0	0.0
0.0	0.0
0.0	0.0
0.0	0.0
0.0	0.0
0.0	0.0
0.0	0.0
0.0	0.0
0.0	0.0
0.0	0.0
0.0	0.0
0.02	0.0
0.06	0.04
0.11	0.08
0.15	0.12
0.34	0.28
0.28	0.24
0.33	0.27
0.34	0.28
0.68	0.57
0.45	0.37
0.3	0.24
0.11	0.09
0.05	0.03
0.0	0.0
0.0	0.0
0.0	0.0
0.0	0.0
0.0	0.0
0.0	0.0
0.0	0.0
0.0	0.0
0.0	0.0
0.0	0.0
0.0	0.0
0.06	0.0
0.18	0.14
0.26	0.19
0.85	0.71
0.71	0.57
0.64	0.53
0.92	0.79
1.41	1.23
0.68	0.54
0.83	0.67
0.5	0.39
0.21	0.15
0.09	0.06
0.0	0.0
0.0	0.0
0.0	0.0
0.0	0.0
0.0	0.0
0.0	0.0
0.0	0.0
0.0	0.0
0.0	0.0
0.0	0.0
0.0	0.0
0.05	0.0
0.3	0.23
0.68	0.57
1.62	1.63
2.67	2.87
2.57	2.6
2.66	2.87
3.14	3.42
2.64	2.68
2.18	2.0
1.82	1.51
0.84	0.6
0.18	0.11
0.0	0.0
0.0	0.0
0.0	0.0
0.0	0.0
0.0	0.0
0.0	0.0
0.0	0.0
0.0	0.0
0.0	0.0
0.0	0.0
0.0	0.0
0.11	0.0
0.75	0.82
1.58	1.78
2.31	2.51
2.31	2.38
2.87	3.05
2.98	3.22
2.16	2.03
2.1	1.98
2.42	2.18
1.53	1.28
1.04	0.73
0.24	0.15
0.0	0.0
0.0	0.0
0.0	0.0
0.0	0.0
0.0	0.0
0.0	0.0
0.0	0.0
0.0	0.0
0.0	0.0
0.0	0.0
0.0	0.0
0.12	0.0
0.34	0.3
0.81	0.72
2.32	2.59
2.96	3.27
3.38	3.72
3.56	3.88
3.51	3.69
3.18	3.17
2.65	2.45
1.93	1.59
1.07	0.68
0.28	0.13
0.0	0.0
0.0	0.0
0.0	0.0
0.0	0.0
0.0	0.0
0.0	0.0
0.0	0.0
0.0	0.0
0.0	0.0
0.0	0.0
0.0	0.0
0.08	0.0
0.58	0.57
0.95	0.97
2.3	2.54
2.56	2.79
2.58	2.77
2.19	2.24
1.63	1.45
1.39	1.17
0.97	0.82
0.3	0.24
0.09	0.07
0.04	0.02
0.0	0.0
0.0	0.0
0.0	0.0
0.0	0.0
0.0	0.0
0.0	0.0
0.0	0.0
0.0	0.0
0.0	0.0
0.0	0.0
0.0	0.0
0.05	0.0
0.24	0.19
0.93	0.83
1.49	1.43
0.8	0.68
1.65	1.55
1.97	1.99
1.22	1.1
1.24	1.07
1.42	1.23
0.84	0.7
0.74	0.5
0.28	0.14
0.0	0.0
0.0	0.0
0.0	0.0
0.0	0.0
0.0	0.0
0.0	0.0
0.0	0.0
0.0	0.0
0.0	0.0
0.0	0.0
0.0	0.0
0.1	0.0
0.44	0.4
1.45	1.52
2.16	2.19
2.17	2.18
2.96	3.14
2.48	2.66
3.35	3.57
0.39	0.34
0.98	0.8
1.15	0.96
0.74	0.53
0.3	0.15
0.0	0.0
0.0	0.0
0.0	0.0
0.0	0.0
0.0	0.0
0.0	0.0
0.0	0.0
0.0	0.0
0.0	0.0
0.0	0.0
0.0	0.0
0.08	0.0
0.84	0.84
0.88	0.81
2.63	2.84
1.74	1.66
1.2	1.04
1.18	1.03
0.52	0.44
0.47	0.4
0.47	0.39
0.42	0.35
0.71	0.53
0.45	0.2
0.0	0.0
0.0	0.0
0.0	0.0
0.0	0.0
0.0	0.0
0.0	0.0
0.0	0.0
0.0	0.0
0.0	0.0
0.0	0.0
0.0	0.0
0.16	0.0
0.86	0.91
1.7	1.85
2.49	2.72
3.12	3.38
3.44	3.75
3.52	3.87
3.56	3.7
3.28	3.18
2.73	2.44
2.02	1.59
1.16	0.69
0.37	0.14
0.0	0.0
0.0	0.0
0.0	0.0
0.0	0.0
0.0	0.0
0.0	0.0
0.0	0.0
0.0	0.0
0.0	0.0
0.0	0.0
0.0	0.0
0.17	0.0
0.85	0.88
1.72	1.89
2.46	2.68
3.15	3.42
3.47	3.72
3.6	3.85
3.37	3.39
4.08	2.8
2.61	2.36
1.98	1.56
1.08	0.66
0.32	0.15
0.0	0.0
0.0	0.0
0.0	0.0
0.0	0.0
0.0	0.0
0.0	0.0
0.0	0.0
0.0	0.0
0.0	0.0
0.0	0.0
0.0	0.0
0.18	0.0
0.91	0.93
1.79	1.93
2.58	2.8
3.21	3.48
3.57	3.92
3.65	3.99
3.61	3.78
3.25	3.05
2.77	2.36
2.16	1.51
0.91	0.64
0.4	0.14
0.0	0.0
0.0	0.0
0.0	0.0
0.0	0.0
0.0	0.0
0.0	0.0
0.0	0.0
0.0	0.0
0.0	0.0
0.0	0.0
0.0	0.0
0.19	0.0
0.93	0.96
1.47	1.46
1.16	1.0
2.06	2.14
3.8	3.97
3.64	2.87
3.09	3.38
1.37	1.34
0.52	0.3
0.38	0.27
0.2	0.16
0.14	0.09
0.0	0.0
0.0	0.0
0.0	0.0
0.0	0.0
0.0	0.0
0.0	0.0
0.0	0.0
0.0	0.0
0.0	0.0
0.0	0.0
0.0	0.0
0.2	0.0
0.93	0.94
1.77	1.88
2.54	2.73
3.16	3.4
3.53	3.78
3.6	3.99
3.56	3.58
3.25	3.05
2.74	2.36
2.04	1.51
1.22	0.64
0.42	0.13
0.0	0.0
0.0	0.0
0.0	0.0
0.0	0.0
0.0	0.0
0.0	0.0
0.0	0.0
0.0	0.0
0.0	0.0
0.0	0.0
0.0	0.0
0.2	0.0
0.92	0.87
1.76	1.81
2.22	2.24
2.67	2.88
2.73	2.95
2.92	3.19
3.23	3.43
3.16	3.03
2.77	2.42
2.03	1.52
1.19	0.65
0.29	0.15
0.0	0.0
0.0	0.0
0.0	0.0
0.0	0.0
0.0	0.0
0.0	0.0
0.0	0.0
0.0	0.0
0.0	0.0
0.0	0.0
0.0	0.0
0.05	0.0
0.35	0.26
0.83	0.71
1.04	0.88
1.03	0.93
1.25	1.0
1.69	1.42
2.92	2.92
2.76	2.58
1.67	1.42
0.98	0.81
0.68	0.49
0.39	0.16
0.0	0.0
0.0	0.0
0.0	0.0
0.0	0.0
0.0	0.0
0.0	0.0
0.0	0.0
0.0	0.0
0.0	0.0
0.0	0.0
0.0	0.0
0.11	0.0
0.38	0.33
0.83	0.73
1.83	1.78
1.15	0.98
2.0	2.0
3.64	3.91
3.61	3.64
3.33	3.1
2.81	2.38
2.09	1.53
1.29	0.66
0.46	0.14
0.0	0.0
0.0	0.0
0.0	0.0
0.0	0.0
0.0	0.0
0.0	0.0
0.0	0.0
0.0	0.0
0.0	0.0
0.0	0.0
0.0	0.0
0.19	0.0
0.92	0.85
1.83	1.86
2.61	2.7
3.21	3.35
3.57	3.75
3.63	3.84
3.61	3.64
3.4	3.15
2.8	2.26
2.1	1.54
1.28	0.66
0.46	0.15
0.0	0.0
0.0	0.0
0.0	0.0
0.0	0.0
0.0	0.0
0.0	0.0
0.0	0.0
0.0	0.0
0.0	0.0
0.0	0.0
0.0	0.0
0.25	0.0
0.97	0.9
1.81	1.83
2.56	2.65
3.17	3.29
3.54	3.68
3.37	3.44
3.33	3.23
3.13	2.88
2.51	1.99
1.31	0.94
0.83	0.59
0.3	0.19
0.0	0.0
0.0	0.0
0.0	0.0
0.0	0.0
0.0	0.0
0.0	0.0
0.0	0.0
0.0	0.0
0.0	0.0
0.0	0.0
0.0	0.0
0.2	0.0
0.88	0.81
1.67	1.69
2.37	2.43
3.04	3.19
3.13	3.31
2.74	2.96
2.45	2.43
3.09	2.79
2.27	1.94
1.48	1.16
0.8	0.55
0.45	0.19
0.0	0.0
0.0	0.0
0.0	0.0
0.0	0.0
0.0	0.0
0.0	0.0
0.0	0.0
0.0	0.0
0.0	0.0
0.0	0.0
0.0	0.0
0.14	0.0
0.65	0.56
0.79	0.68
2.17	2.06
1.79	1.59
3.15	3.35
3.63	3.87
3.61	3.64
3.4	3.15
2.77	2.36
2.08	1.51
1.27	0.66
0.44	0.18
0.0	0.0
0.0	0.0
0.0	0.0
0.0	0.0
0.0	0.0
0.0	0.0
0.0	0.0
0.0	0.0
0.0	0.0
0.0	0.0
0.0	0.0
0.29	0.0
0.67	0.57
0.82	0.76
1.63	1.52
1.98	1.84
3.43	3.5
3.41	3.51
3.25	3.15
2.58	2.38
1.23	1.03
0.43	0.36
0.12	0.1
0.04	0.01
0.0	0.0
0.0	0.0
0.0	0.0
0.0	0.0
0.0	0.0
0.0	0.0
0.0	0.0
0.0	0.0
0.0	0.0
0.0	0.0
0.0	0.0
0.03	0.0
0.07	0.03
0.11	0.07
0.26	0.2
0.75	0.57
2.07	1.92
2.46	2.42
2.53	2.6
2.37	2.18
1.11	0.9
0.91	0.71
1.13	0.8
0.52	0.19
0.0	0.0
0.0	0.0
0.0	0.0
0.0	0.0
0.0	0.0
0.0	0.0
0.0	0.0
0.0	0.0
0.0	0.0
0.0	0.0
0.0	0.0
0.07	0.06
0.2	0.1
0.24	0.07
0.48	0.11
0.85	0.16
1.05	0.18
0.95	0.15
0.74	0.12
0.52	0.09
0.48	0.1
0.47	0.13
0.43	0.17
0.17	0.15
0.0	0.0
0.0	0.0
0.0	0.0
0.0	0.0
0.0	0.0
0.0	0.0
0.0	0.0
0.0	0.0
0.0	0.0
0.0	0.0
0.0	0.0
0.04	0.04
0.31	0.15
1.84	3.0
2.47	3.06
3.06	3.33
3.11	2.72
3.11	2.48
3.09	2.57
2.66	2.17
1.84	1.24
1.92	2.62
0.84	0.87
0.59	2.68
0.0	0.0
0.0	0.0
0.0	0.0
0.0	0.0
0.0	0.0
0.0	0.0
0.0	0.0
0.0	0.0
0.0	0.0
0.0	0.0
0.0	0.0
0.31	1.03
0.62	0.57
1.85	3.01
2.19	2.26
2.15	1.37
2.7	1.91
1.16	0.19
2.11	0.94
2.94	2.76
2.87	3.49
1.85	2.36
1.27	2.53
0.51	1.79
0.0	0.0
0.0	0.0
0.0	0.0
0.0	0.0
0.0	0.0
0.0	0.0
0.0	0.0
0.0	0.0
0.0	0.0
0.0	0.0
0.0	0.0
0.29	0.83
1.12	2.77
2.04	3.5
2.88	3.72
3.11	3.36
3.11	2.69
3.1	2.43
3.11	2.58
3.11	3.14
3.02	3.66
2.4	3.72
1.5	3.47
0.6	2.57
0.0	0.0
0.0	0.0
0.0	0.0
0.0	0.0
0.0	0.0
0.0	0.0
0.0	0.0
0.0	0.0
0.0	0.0
0.0	0.0
0.0	0.0
0.33	1.12
1.15	2.9
2.0	3.41
2.54	3.2
1.85	0.9
2.89	2.24
3.1	2.42
2.81	1.99
1.42	0.34
1.27	0.4
1.34	1.0
1.23	2.25
0.45	1.18
0.0	0.0
0.0	0.0
0.0	0.0
0.0	0.0
0.0	0.0
0.0	0.0
0.0	0.0
0.0	0.0
0.0	0.0
0.0	0.0
0.0	0.0
0.14	0.13
0.97	1.87
0.92	0.42
1.53	0.85
1.87	0.92
2.61	1.72
2.97	2.17
3.06	2.45
3.1	3.08
2.95	3.56
2.26	3.48
1.4	3.04
0.53	1.73
0.0	0.0
0.0	0.0
0.0	0.0
0.0	0.0
0.0	0.0
0.0	0.0
0.0	0.0
0.0	0.0
0.0	0.0
0.0	0.0
0.0	0.0
0.32	0.97
1.09	2.45
1.91	3.11
2.29	2.45
2.85	2.73
2.94	2.31
3.1	2.4
3.11	2.54
3.11	3.08
2.91	3.5
2.13	3.19
1.25	2.26
0.46	1.14
0.0	0.0
0.0	0.0
0.0	0.0
0.0	0.0
0.0	0.0
0.0	0.0
0.0	0.0
0.0	0.0
0.0	0.0
0.0	0.0
0.0	0.0
0.2	0.21
0.58	0.41
1.13	0.78
0.94	0.21
1.66	0.64
2.81	2.05
2.06	0.81
1.3	0.21
0.63	0.11
0.76	0.16
0.72	0.19
0.57	0.22
0.19	0.15
0.0	0.0
0.0	0.0
0.0	0.0
0.0	0.0
0.0	0.0
0.0	0.0
0.0	0.0
0.0	0.0
0.0	0.0
0.0	0.0
0.0	0.0
0.33	0.98
1.1	2.43
1.96	3.25
2.74	3.49
3.1	3.31
3.11	2.63
3.11	2.39
3.11	2.51
3.11	3.05
2.98	3.56
2.32	3.53
1.46	3.19
0.62	2.28
0.0	0.0
0.0	0.0
0.0	0.0
0.0	0.0
0.0	0.0
0.0	0.0
0.0	0.0
0.0	0.0
0.0	0.0
0.0	0.0
0.0	0.0
0.39	1.48
1.22	3.08
2.07	3.47
2.73	3.47
3.1	3.3
2.57	1.62
1.62	0.37
2.78	1.89
3.03	2.85
2.33	2.15
2.36	3.58
1.21	1.98
0.21	0.16
0.01	0.05
0.0	0.0
0.0	0.0
0.0	0.0
0.0	0.0
0.0	0.0
0.0	0.0
0.0	0.0
0.0	0.0
0.0	0.0
0.0	0.0
0.15	0.14
0.49	0.22
0.37	0.11
0.89	0.19
1.04	0.19
1.01	0.17
0.95	0.15
1.25	0.2
1.19	0.21
1.28	0.38
1.0	0.37
0.52	0.2
0.27	0.21
0.02	0.11
0.0	0.0
0.0	0.0
0.0	0.0
0.0	0.0
0.0	0.0
0.0	0.0
0.0	0.0
0.0	0.0
0.0	0.0
0.0	0.0
0.31	0.76
0.6	0.42
1.8	2.59
2.54	3.06
2.79	2.53
3.11	2.59
3.11	2.37
3.11	2.48
3.11	3.0
2.93	3.48
2.26	3.4
1.44	2.94
0.59	1.79
0.04	0.21
0.0	0.0
0.0	0.0
0.0	0.0
0.0	0.0
0.0	0.0
0.0	0.0
0.0	0.0
0.0	0.0
0.0	0.0
0.0	0.0
0.25	0.38
0.74	0.8
1.69	2.2
1.97	1.62
1.91	0.94
2.64	1.72
3.0	2.15
2.15	0.94
2.4	1.56
1.71	0.93
1.95	2.42
0.78	0.55
0.19	0.14
0.02	0.11
0.0	0.0
0.0	0.0
0.0	0.0
0.0	0.0
0.0	0.0
0.0	0.0
0.0	0.0
0.0	0.0
0.0	0.0
0.0	0.0
0.16	0.14
0.51	0.23
1.44	1.45
1.7	1.09
2.37	1.67
3.26	2.89
3.34	2.79
3.81	3.6
3.56	3.64
3.05	3.6
2.23	3.32
0.93	0.91
0.52	1.19
0.03	0.16
0.0	0.0
0.0	0.0
0.0	0.0
0.0	0.0
0.0	0.0
0.0	0.0
0.0	0.0
0.0	0.0
0.0	0.0
0.0	0.0
0.05	0.05
0.45	0.2
1.08	0.64
0.79	0.17
1.34	0.3
1.79	0.57
0.36	0.06
1.13	0.18
1.06	0.18
0.59	0.12
0.3	0.08
0.19	0.07
0.06	0.04
0.0	0.0
0.0	0.0
0.0	0.0
0.0	0.0
0.0	0.0
0.0	0.0
0.0	0.0
0.0	0.0
0.0	0.0
0.0	0.0
0.0	0.0
0.11	0.1
0.45	0.2
1.46	1.48
2.66	3.34
1.85	0.85
2.24	1.1
2.07	0.79
2.63	1.6
2.78	2.23
2.2	1.78
1.76	1.82
0.71	0.38
0.13	0.09
0.01	0.01
0.0	0.0
0.0	0.0
0.0	0.0
0.0	0.0
0.0	0.0
0.0	0.0
0.0	0.0
0.0	0.0
0.0	0.0
0.0	0.0
0.42	1.54
1.26	3.06
2.21	3.63
3.03	3.8
3.65	3.86
3.85	3.69
3.86	3.57
3.86	3.63
3.56	3.62
2.99	3.5
2.51	3.7
1.72	3.66
0.65	1.91
0.1	0.53
0.0	0.0
0.0	0.0
0.0	0.0
0.0	0.0
0.0	0.0
0.0	0.0
0.0	0.0
0.0	0.0
0.0	0.0
0.0	0.0
0.44	1.7
1.24	2.92
2.2	3.61
2.86	3.58
3.2	3.38
3.65	3.5
3.31	2.7
2.57	1.49
1.55	0.42
1.57	0.69
1.41	0.98
1.09	1.32
0.37	0.35
0.07	0.37
0.0	0.0
0.0	0.0
0.0	0.0
0.0	0.0
0.0	0.0
0.0	0.0
0.0	0.0
0.0	0.0
0.0	0.0
0.0	0.0
0.23	0.24
1.25	2.95
2.63	4.3
2.94	3.68
2.81	2.52
2.78	1.92
3.56	3.21
3.77	3.54
3.77	3.82
3.07	3.58
2.51	3.68
1.6	3.37
0.72	2.31
0.09	0.47
0.0	0.0
0.0	0.0
0.0	0.0
0.0	0.0
0.0	0.0
0.0	0.0
0.0	0.0
0.0	0.0
0.0	0.0
0.0	0.0
0.27	0.41
0.83	1.02
2.05	3.35
3.01	3.76
3.32	3.5
3.69	3.53
3.84	3.54
3.86	3.62
3.68	3.72
2.92	3.4
1.91	2.15
1.37	2.29
0.5	0.85
0.06	0.17
0.0	0.0
0.0	0.0
0.0	0.0
0.0	0.0
0.0	0.0
0.0	0.0
0.0	0.0
0.0	0.0
0.0	0.0
0.0	0.0
0.43	1.54
1.14	2.32
1.42	1.34
3.12	3.9
3.34	3.52
3.46	3.27
2.7	1.6
3.31	2.79
3.76	3.79
2.69	2.84
2.2	3.0
1.63	3.39
0.77	2.55
0.08	0.29
0.0	0.0
0.0	0.0
0.0	0.0
0.0	0.0
0.0	0.0
0.0	0.0
0.0	0.0
0.0	0.0
0.0	0.0
0.0	0.0
0.47	1.91
1.31	3.23
2.19	3.57
3.01	3.76
3.66	3.86
3.85	3.68
3.86	3.55
3.86	3.61
3.7	3.73
3.09	3.58
2.21	3.01
1.15	1.42
0.79	2.63
0.1	0.43
0.0	0.0
0.0	0.0
0.0	0.0
0.0	0.0
0.0	0.0
0.0	0.0
0.0	0.0
0.0	0.0
0.0	0.0
0.0	0.0
0.38	1.09
1.21	2.66
1.34	1.14
2.5	2.84
3.61	3.8
3.86	3.69
3.37	2.78
3.86	3.61
3.72	3.74
3.21	3.71
2.37	3.42
1.68	3.45
0.57	1.1
0.11	0.47
0.0	0.0
0.0	0.0
0.0	0.0
0.0	0.0
0.0	0.0
0.0	0.0
0.0	0.0
0.0	0.0
0.0	0.0
0.0	0.0
0.45	1.67
1.33	3.32
2.08	3.38
3.11	3.88
3.29	3.46
3.26	2.81
3.54	3.12
3.74	3.49
3.34	3.35
3.15	3.63
2.27	3.15
1.69	3.45
0.82	2.72
0.14	0.74
0.0	0.0
0.0	0.0
0.0	0.0
0.0	0.0
0.0	0.0
0.0	0.0
0.0	0.0
0.0	0.0
0.0	0.0
0.0	0.0
0.21	0.19
0.88	1.16
1.68	2.05
3.4	4.23
3.23	3.4
3.53	3.37
3.85	3.53
3.86	3.6
3.69	3.7
3.2	3.68
2.58	3.7
1.6	3.1
0.69	1.71
0.13	0.56
0.0	0.0
0.0	0.0
0.0	0.0
0.0	0.0
0.0	0.0
0.0	0.0
0.0	0.0
0.0	0.0
0.0	0.0
0.0	0.0
0.25	0.29
0.49	0.21
0.77	0.21
0.94	0.2
2.42	1.71
3.27	2.82
3.66	3.35
2.52	1.38
1.74	0.59
1.95	1.21
1.25	0.63
0.55	0.19
0.27	0.17
0.05	0.05
0.0	0.0
0.0	0.0
0.0	0.0
0.0	0.0
0.0	0.0
0.0	0.0
0.0	0.0
0.0	0.0
0.0	0.0
0.0	0.0
0.15	0.14
0.58	0.31
0.62	0.17
1.0	0.21
1.83	0.8
2.73	1.8
3.43	2.87
3.14	2.4
3.52	3.52
1.43	0.48
0.83	0.2
1.37	2.06
0.81	2.42
0.06	0.05
0.0	0.0
0.0	0.0
0.0	0.0
0.0	0.0
0.0	0.0
0.0	0.0
0.0	0.0
0.0	0.0
0.0	0.0
0.0	0.0
0.1	0.09
0.33	0.14
0.58	0.16
1.55	0.8
1.33	0.27
1.65	0.42
1.89	0.57
2.29	1.06
1.04	0.18
0.81	0.16
1.14	0.46
1.45	2.34
0.41	0.33
0.04	0.04
0.0	0.0
0.0	0.0
0.0	0.0
0.0	0.0
0.0	0.0
0.0	0.0
0.0	0.0
0.0	0.0
0.0	0.0
0.0	0.0
0.2	0.18
0.67	0.51
1.58	1.74
2.18	2.01
2.46	1.77
1.82	0.58
1.41	0.22
0.87	0.14
0.69	0.12
0.61	0.12
0.69	0.17
0.38	0.13
0.17	0.1
0.05	0.05
0.0	0.0
0.0	0.0
0.0	0.0
0.0	0.0
0.0	0.0
0.0	0.0
0.0	0.0
0.0	0.0
0.0	0.0
0.0	0.0
0.38	1.03
1.21	2.6
1.7	2.1
2.22	2.1
2.06	1.11
3.43	3.15
3.79	3.46
3.44	2.98
2.87	2.27
1.27	0.31
1.09	0.39
0.91	0.64
0.16	0.1
0.02	0.02
0.0	0.0
0.0	0.0
0.0	0.0
0.0	0.0
0.0	0.0
0.0	0.0
0.0	0.0
0.0	0.0
0.0	0.0
0.0	0.0
0.4	1.16
1.05	1.83
1.53	1.61
2.3	2.3
2.58	2.0
3.42	3.13
4.02	3.67
3.91	3.62
3.48	3.46
3.07	3.49
2.39	3.36
1.55	2.64
0.71	1.54
0.12	0.23
0.0	0.0
0.0	0.0
0.0	0.0
0.0	0.0
0.0	0.0
0.0	0.0
0.0	0.0
0.0	0.0
0.0	0.0
0.0	0.0
0.42	1.32
1.19	2.5
2.03	3.24
2.79	3.47
3.37	3.54
3.55	3.38
3.99	3.64
3.86	3.57
3.41	3.39
2.88	3.13
2.22	2.79
1.21	1.39
0.39	0.23
0.06	0.05
0.0	0.0
0.0	0.0
0.0	0.0
0.0	0.0
0.0	0.0
0.0	0.0
0.0	0.0
0.0	0.0
0.0	0.0
0.0	0.0
0.39	1.08
1.21	2.61
2.07	3.36
2.83	3.52
3.49	3.67
3.89	3.7
4.06	3.71
3.97	3.67
3.7	3.67
3.13	3.54
2.41	3.37
1.6	2.78
0.76	1.75
0.13	0.24
0.0	0.0
0.0	0.0
0.0	0.0
0.0	0.0
0.0	0.0
0.0	0.0
0.0	0.0
0.0	0.0
0.0	0.0
0.0	0.0
0.46	1.37
1.14	2.25
1.91	2.8
2.76	3.44
3.27	3.44
2.07	0.85
2.36	1.09
3.84	3.55
2.21	1.13
2.56	2.33
1.62	1.23
0.52	0.17
0.37	0.21
0.1	0.09
0.0	0.0
0.0	0.0
0.0	0.0
0.0	0.0
0.0	0.0
0.0	0.0
0.0	0.0
0.0	0.0
0.0	0.0
0.0	0.0
0.31	0.56
0.44	0.19
1.14	0.71
1.91	1.43
2.44	1.74
3.27	2.8
3.6	3.19
3.39	2.84
1.34	0.23
2.15	1.49
2.13	2.46
1.33	1.71
0.5	0.5
0.1	0.09
0.0	0.0
0.0	0.0
0.0	0.0
0.0	0.0
0.0	0.0
0.0	0.0
0.0	0.0
0.0	0.0
0.0	0.0
0.0	0.0
0.3	0.51
0.88	1.16
0.88	0.3
1.66	0.98
2.76	2.37
3.68	3.5
3.89	3.55
3.79	3.5
3.54	3.5
3.0	3.37
2.35	3.11
1.12	1.07
0.06	0.03
0.08	0.07
0.0	0.0
0.0	0.0
0.0	0.0
0.0	0.0
0.0	0.0
0.0	0.0
0.0	0.0
0.0	0.0
0.0	0.0
0.0	0.0
0.28	0.41
0.9	1.23
1.59	1.79
2.37	2.48
2.45	1.76
1.86	0.61
1.85	0.53
2.36	1.12
3.03	2.53
2.7	2.61
1.77	1.52
0.87	0.5
0.57	0.71
0.1	0.09
0.0	0.0
0.0	0.0
0.0	0.0
0.0	0.0
0.0	0.0
0.0	0.0
0.0	0.0
0.0	0.0
0.0	0.0
0.0	0.0
0.11	0.1
1.11	2.13
1.97	3.04
2.06	1.75
3.13	3.22
2.43	1.32
2.97	1.98
2.24	0.97
2.39	1.38
1.93	1.09
0.96	0.23
0.68	0.22
0.29	0.16
0.06	0.05
0.0	0.0
0.0	0.0
0.0	0.0
0.0	0.0
0.0	0.0
0.0	0.0
0.0	0.0
0.0	0.0
0.0	0.0
0.0	0.0
0.17	0.15
0.36	0.15
0.55	0.15
0.9	0.19
2.22	1.36
3.77	3.59
3.89	3.54
3.96	3.65
3.64	3.58
3.12	3.49
2.45	3.36
1.46	2.07
0.8	1.73
0.13	0.14
0.0	0.0
0.0	0.0
0.0	0.0
0.0	0.0
0.0	0.0
0.0	0.0
0.0	0.0
0.0	0.0
0.0	0.0
0.0	0.0
0.47	1.35
1.05	1.87
1.9	2.8
1.88	1.38
2.64	2.13
1.53	0.32
2.89	1.85
4.02	3.7
3.63	3.57
3.06	3.42
2.44	3.3
1.55	2.37
0.65	0.97
0.15	0.22
0.0	0.0
0.0	0.0
0.0	0.0
0.0	0.0
0.0	0.0
0.0	0.0
0.0	0.0
0.0	0.0
0.0	0.0
0.0	0.0
0.17	0.15
0.87	1.15
1.82	2.53
1.65	0.97
2.99	2.89
4.09	3.89
4.0	3.64
3.98	3.66
3.71	3.64
3.12	3.48
2.46	3.35
1.59	2.5
0.75	1.4
0.14	0.16
0.0	0.0
0.0	0.0
0.0	0.0
0.0	0.0
0.0	0.0
0.0	0.0
0.0	0.0
0.0	0.0
0.0	0.0
0.0	0.0
0.16	0.14
0.36	0.15
0.31	0.09
1.43	0.64
2.16	1.27
2.02	0.79
3.42	2.8
3.84	3.53
3.4	3.29
2.49	2.09
2.26	2.71
1.45	1.97
0.61	0.77
0.16	0.24
0.0	0.0
0.0	0.0
0.0	0.0
0.0	0.0
0.0	0.0
0.0	0.0
0.0	0.0
0.0	0.0
0.0	0.0
0.0	0.0
0.25	0.29
0.89	1.24
1.85	2.65
2.64	3.26
2.44	1.75
2.1	0.88
3.03	2.08
3.74	3.44
2.25	1.15
2.63	2.38
1.18	0.44
0.71	0.23
0.54	0.52
0.14	0.14
0.0	0.0
0.0	0.0
0.0	0.0
0.0	0.0
0.0	0.0
0.0	0.0
0.0	0.0
0.0	0.0
0.0	0.0
0.0	0.0
0.61	1.33
0.72	0.68
0.84	0.26
1.81	1.26
3.0	2.93
3.81	3.63
3.28	2.53
3.78	3.47
3.58	3.5
2.93	3.09
2.05	2.1
1.24	1.28
0.59	0.67
0.15	0.17
0.0	0.0
0.0	0.0
0.0	0.0
0.0	0.0
0.0	0.0
0.0	0.0
0.0	0.0
0.0	0.0
0.0	0.0
0.0	0.0
0.44	1.32
1.01	1.75
1.87	2.75
2.87	3.61
2.29	1.49
2.61	1.6
3.82	3.48
3.75	3.44
3.6	3.52
2.97	3.18
1.91	1.75
1.82	3.33
0.44	0.23
0.15	0.16
0.0	0.0
0.0	0.0
0.0	0.0
0.0	0.0
0.0	0.0
0.0	0.0
0.0	0.0
0.0	0.0
0.0	0.0
0.0	0.0
0.06	0.05
0.21	0.09
0.6	0.17
0.48	0.1
0.59	0.11
0.63	0.1
0.7	0.11
1.52	0.27
0.8	0.13
0.96	0.18
1.21	0.47
0.45	0.14
0.15	0.08
0.06	0.05
0.0	0.0
0.0	0.0
0.0	0.0
0.0	0.0
0.0	0.0
0.0	0.0
0.0	0.0
0.0	0.0
0.0	0.0
0.0	0.0
0.07	0.06
0.43	0.19
0.46	0.13
1.42	0.64
2.26	1.44
2.56	1.52
3.78	3.44
2.96	1.99
2.89	2.19
1.16	0.22
0.48	0.11
0.27	0.08
0.19	0.1
0.05	0.04
0.0	0.0
0.0	0.0
0.0	0.0
0.0	0.0
0.0	0.0
0.0	0.0
0.0	0.0
0.0	0.0
0.0	0.0
0.0	0.0
0.09	0.08
0.49	0.21
1.44	1.44
1.53	0.8
1.67	0.61
1.89	0.65
2.13	0.81
1.56	0.29
2.3	1.21
2.15	1.4
1.7	1.26
1.11	0.91
0.5	0.35
0.08	0.07
0.0	0.0
0.0	0.0
0.0	0.0
0.0	0.0
0.0	0.0
0.0	0.0
0.0	0.0
0.0	0.0
0.0	0.0
0.0	0.0
0.24	0.28
0.33	0.15
0.7	0.2
1.18	0.35
1.21	0.22
1.94	0.7
3.6	3.16
3.87	3.55
3.61	3.52
3.14	3.46
2.45	3.16
1.26	1.27
0.42	0.22
0.16	0.16
0.0	0.0
0.0	0.0
0.0	0.0
0.0	0.0
0.0	0.0
0.0	0.0
0.0	0.0
0.0	0.0
0.0	0.0
0.0	0.0
0.25	0.33
0.76	0.85
0.86	0.3
0.78	0.17
1.03	0.19
1.19	0.19
1.77	0.45
1.15	0.18
0.86	0.14
0.6	0.11
0.68	0.16
0.51	0.16
0.25	0.13
0.05	0.04
0.0	0.0
0.0	0.0
0.0	0.0
0.0	0.0
0.0	0.0
0.0	0.0
0.0	0.0
0.0	0.0
0.0	0.0
0.0	0.0
0.3	0.61
0.98	1.71
1.84	2.73
2.72	3.45
3.19	3.39
3.71	3.54
3.92	3.57
3.87	3.55
3.6	3.5
3.12	3.43
2.49	3.26
1.69	2.65
0.84	1.59
0.15	0.13
0.0	0.0
0.0	0.0
0.0	0.0
0.0	0.0
0.0	0.0
0.0	0.0
0.0	0.0
0.0	0.0
0.0	0.0
0.0	0.0
0.29	0.56
0.91	1.43
1.78	2.53
2.45	2.81
3.28	3.49
3.74	3.58
4.05	3.69
4.03	3.69
3.75	3.65
3.24	3.55
2.59	3.45
1.78	2.98
0.92	1.98
0.19	0.27
0.0	0.0
0.0	0.0
0.0	0.0
0.0	0.0
0.0	0.0
0.0	0.0
0.0	0.0
0.0	0.0
0.0	0.0
0.0	0.0
0.17	0.15
0.96	1.66
1.69	2.25
0.71	0.15
1.63	0.58
2.13	0.93
3.33	2.62
3.73	3.42
3.62	3.52
2.12	1.32
1.73	1.29
1.14	0.93
0.75	1.14
0.16	0.14
0.0	0.0
0.0	0.0
0.0	0.0
0.0	0.0
0.0	0.0
0.0	0.0
0.0	0.0
0.0	0.0
0.0	0.0
0.0	0.0
0.18	0.16
0.92	1.51
1.95	3.2
1.96	1.62
2.48	1.87
3.69	3.53
3.3	2.57
3.8	3.48
3.65	3.54
3.15	3.45
2.48	3.18
1.71	2.67
0.77	1.21
0.12	0.11
0.0	0.0
0.0	0.0
0.0	0.0
0.0	0.0
0.0	0.0
0.0	0.0
0.0	0.0
0.0	0.0
0.0	0.0
0.0	0.0
0.11	0.1
0.43	0.19
0.95	0.45
1.07	0.25
1.54	0.49
2.5	1.44
2.38	1.1
3.63	3.26
2.88	2.14
3.14	3.43
2.15	2.24
1.73	2.73
0.76	1.15
0.18	0.2
0.0	0.0
0.0	0.0
0.0	0.0
0.0	0.0
0.0	0.0
0.0	0.0
0.0	0.0
0.0	0.0
0.0	0.0
0.0	0.0
0.19	0.17
0.69	0.7
1.8	2.68
2.61	3.33
2.02	1.1
2.64	1.67
2.89	1.85
2.84	1.78
3.76	3.65
3.17	3.46
2.51	3.25
1.45	1.74
0.66	0.76
0.13	0.11
0.0	0.0
0.0	0.0
0.0	0.0
0.0	0.0
0.0	0.0
0.0	0.0
0.0	0.0
0.0	0.0
0.0	0.0
0.0	0.0
0.17	0.15
0.79	1.05
1.26	1.08
2.57	3.22
3.28	3.51
3.75	3.6
3.95	3.6
3.95	3.61
2.89	2.15
0.81	0.15
0.34	0.08
0.96	0.54
0.14	0.07
0.02	0.02
0.0	0.0
0.0	0.0
0.0	0.0
0.0	0.0
0.0	0.0
0.0	0.0
0.0	0.0
0.0	0.0
0.0	0.0
0.0	0.0
0.3	0.72
1.06	2.29
1.67	2.27
2.68	3.45
3.29	3.53
3.73	3.58
3.94	3.59
3.9	3.57
3.55	3.44
3.15	3.43
2.53	3.28
1.71	2.61
0.89	1.7
0.21	0.32
0.0	0.0
0.0	0.0
0.0	0.0
0.0	0.0
0.0	0.0
0.0	0.0
0.0	0.0
0.0	0.0
0.0	0.0
0.0	0.0
0.3	0.74
1.03	2.16
1.87	3.01
2.63	3.39
3.27	3.51
3.56	3.42
3.73	3.4
3.91	3.58
3.6	3.49
2.87	2.81
2.11	2.1
1.24	1.13
0.95	1.99
0.19	0.22
0.0	0.0
0.0	0.0
0.0	0.0
0.0	0.0
0.0	0.0
0.0	0.0
0.0	0.0
0.0	0.0
0.0	0.0
0.0	0.0
0.12	0.11
0.33	0.15
0.57	0.17
1.31	0.53
1.2	0.22
1.05	0.17
1.68	0.38
1.55	0.28
0.65	0.11
0.51	0.09
0.59	0.13
0.33	0.1
0.12	0.06
0.04	0.04
0.0	0.0
0.0	0.0
0.0	0.0
0.0	0.0
0.0	0.0
0.0	0.0
0.0	0.0
0.0	0.0
0.0	0.0
0.0	0.0
0.11	0.1
0.18	0.08
0.47	0.14
0.63	0.14
0.8	0.15
1.89	0.67
2.78	1.68
2.59	1.4
1.52	0.33
1.29	0.27
0.86	0.19
0.45	0.14
0.24	0.12
0.08	0.07
0.0	0.0
0.0	0.0
0.0	0.0
0.0	0.0
0.0	0.0
0.0	0.0
